      0/99     6.76G   0.09541   0.01121         0    0.1066         1      1024         0         0 0.0002305 3.985e-05   0.08028  0.009412         0
      1/99     6.76G   0.08802  0.008958         0   0.09698         2      1024         0         0 0.0008084 0.0001635   0.07574  0.009566         0
      2/99     6.77G   0.08283  0.009626         0   0.09246         2      1024         0         0  0.000841 0.0001397   0.08032  0.008719         0
      3/99     6.77G   0.07959  0.009807         0   0.08939         3      1024         0         0 0.0008478 0.0001464   0.07857  0.008814         0
      4/99     6.77G   0.07689  0.009893         0   0.08678         5      1024         0         0  0.002285 0.0004785   0.06982  0.009666         0
      5/99     6.77G   0.07593  0.009819         0   0.08575         4      1024         0         0  0.002227 0.0005352    0.0675  0.009787         0
      6/99     6.77G   0.07462  0.009803         0   0.08442         7      1024         0         0  0.002449 0.0005922   0.06536   0.01006         0
      7/99     6.77G   0.07387   0.01007         0   0.08394         6      1024         0         0  0.002831 0.0006661   0.06524   0.01011         0
      8/99     6.77G   0.07292  0.009986         0   0.08291         5      1024         0         0  0.004973  0.001317    0.0646   0.01007         0
      9/99     6.77G   0.07256    0.0101         0   0.08267         5      1024         0         0  0.003538 0.0008694   0.06288    0.0102         0
     10/99     6.77G   0.07118    0.0102         0   0.08138         2      1024         0         0  0.003932 0.0009662   0.06369   0.01004         0
     11/99     6.77G   0.07155   0.01019         0   0.08173         7      1024         0         0  0.003298 0.0008126   0.06239   0.01017         0
     12/99     6.77G   0.06993   0.01024         0   0.08017         5      1024         0         0  0.003926 0.0009645     0.063   0.01012         0
     13/99     6.77G   0.06945   0.01042         0   0.07987         7      1024         0         0   0.00447  0.001065   0.06118    0.0102         0
     14/99     6.77G   0.06985    0.0103         0   0.08015         2      1024         0         0  0.004929  0.001132   0.06193   0.01007         0
     15/99     6.77G   0.06903   0.01007         0   0.07911         4      1024         0         0  0.004918  0.001209   0.06072   0.01015         0
     16/99     6.77G   0.06918   0.01009         0   0.07927         2      1024         0         0   0.00429 0.0009398   0.06181   0.01005         0
     17/99     6.77G   0.06945   0.01017         0   0.07962         5      1024         0         0  0.005528  0.001444   0.06069   0.01012         0
     18/99     6.77G   0.06812   0.01026         0   0.07837         3      1024         0         0  0.005328  0.001312   0.06122   0.01009         0
     19/99     6.77G   0.06751   0.01037         0   0.07789         3      1024         0         0  0.006458  0.001481   0.06172   0.01012         0
     20/99     6.77G   0.06712   0.01043         0   0.07756         6      1024         0         0  0.006014  0.001604   0.06051   0.01013         0
     21/99     6.77G    0.0667   0.01015         0   0.07685         3      1024         0         0   0.01113   0.00289   0.05899   0.01023         0
     22/99     6.77G   0.06653   0.01032         0   0.07684         3      1024         0         0  0.007118  0.002118   0.05946   0.01007         0
     23/99     6.77G   0.06549   0.01025         0   0.07575         5      1024         0         0  0.005788  0.001503   0.06164    0.0101         0
     24/99     6.77G   0.06597   0.01031         0   0.07629         3      1024         0         0  0.005694  0.001395   0.06014   0.01022         0
     25/99     6.77G   0.06603   0.01026         0   0.07629         5      1024         0         0  0.007917  0.002082   0.05781   0.01024         0
     26/99     6.77G   0.06487   0.01066         0   0.07553         2      1024         0         0  0.008348  0.002368    0.0579   0.01012         0
     27/99     6.77G   0.06446   0.01073         0   0.07519         2      1024         0         0  0.009844    0.0027   0.05787   0.01021         0
     28/99     6.77G   0.06468   0.01053         0   0.07521         6      1024         1  0.002959   0.01439  0.004033   0.05789   0.01027         0
     29/99     6.77G   0.06446   0.01056         0   0.07502         5      1024         0         0  0.008432  0.002278   0.05889   0.01023         0
     30/99     6.77G   0.06418   0.01058         0   0.07476         3      1024         0         0  0.009643  0.002428   0.05877   0.01008         0
     31/99     6.77G   0.06328   0.01068         0   0.07396         6      1024         0         0  0.008292  0.002204   0.05822   0.01045         0
     32/99     6.77G   0.06281   0.01067         0   0.07347         3      1024         0         0   0.01131  0.003472   0.05707   0.01017         0
     33/99     6.77G   0.06293   0.01089         0   0.07382         3      1024         0         0  0.009798  0.002795   0.05659   0.01027         0
     34/99     6.77G   0.06249   0.01017         0   0.07266         4      1024         0         0   0.01032  0.002837   0.05664   0.01013         0
     35/99     6.77G   0.06223   0.01045         0   0.07268         4      1024         0         0   0.01075  0.003085   0.05646   0.01038         0
     36/99     6.77G    0.0622   0.01034         0   0.07254         4      1024         0         0   0.01134  0.003282   0.05621   0.01016         0
     37/99     6.77G   0.06181   0.01052         0   0.07233         2      1024         0         0   0.01101  0.003374   0.05542   0.01012         0
     38/99     6.77G   0.06154    0.0106         0   0.07214         2      1024         0         0   0.01298  0.003556   0.05598   0.01011         0
     39/99     6.77G   0.06155   0.01063         0   0.07219         6      1024         0         0   0.01083   0.00291   0.05678   0.01007         0
     40/99     6.77G   0.06106   0.01065         0   0.07171         4      1024         0         0   0.01115  0.003109    0.0568   0.01008         0
     41/99     6.77G   0.06211   0.01033         0   0.07244         4      1024         0         0   0.01182  0.003409   0.05597   0.01007         0
     42/99     6.77G   0.06059   0.01085         0   0.07144         3      1024         0         0   0.01152  0.003367   0.05589   0.01006         0
     43/99     6.77G    0.0606   0.01039         0   0.07099         4      1024         0         0   0.01254  0.003724   0.05587   0.01009         0
     44/99     6.77G   0.06012   0.01072         0   0.07084         3      1024         0         0   0.01667   0.00481   0.05549   0.01011         0
     45/99     6.77G   0.06062    0.0104         0   0.07102         6      1024         0         0   0.01184  0.003669   0.05485   0.01022         0
     46/99     6.77G   0.06011   0.01069         0    0.0708         4      1024         0         0   0.01333  0.003866   0.05564   0.01012         0
     47/99     6.77G   0.06009   0.01053         0   0.07062         3      1024         0         0   0.01263  0.003997   0.05436   0.01009         0
     48/99     6.77G   0.05942   0.01048         0    0.0699         5      1024         0         0   0.01381  0.003946   0.05411   0.01017         0
     49/99     6.77G   0.05927   0.01064         0    0.0699         6      1024         0         0   0.01527  0.005313   0.05436   0.01003         0
     50/99     6.77G   0.05973    0.0104         0   0.07013         2      1024         0         0   0.01599  0.005182    0.0541   0.01007         0
     51/99     6.77G    0.0588   0.01061         0   0.06941         6      1024         0         0   0.01566  0.004892   0.05419   0.01016         0
     52/99     6.77G    0.0582   0.01088         0   0.06909         3      1024         0         0   0.01835  0.005807   0.05375    0.0101         0
     53/99     6.77G   0.05818   0.01085         0   0.06903         3      1024         0         0   0.01499  0.004807   0.05383   0.01015         0
     54/99     6.77G   0.05854    0.0107         0   0.06924         6      1024         0         0   0.01542   0.00465   0.05363   0.01005         0
     55/99     6.77G   0.05805   0.01088         0   0.06893         6      1024         0         0   0.01753  0.005369   0.05389   0.01008         0
     56/99     6.77G   0.05837   0.01042         0   0.06879         1      1024         0         0   0.01606  0.005472   0.05463   0.01008         0
     57/99     6.77G   0.05714   0.01093         0   0.06808         3      1024         0         0   0.01688  0.005723   0.05381   0.01001         0
     58/99     6.77G   0.05762    0.0107         0   0.06832         4      1024         0         0   0.01658  0.005288   0.05354   0.01013         0
     59/99     6.77G   0.05719   0.01076         0   0.06795         3      1024         0         0   0.01503  0.004747   0.05357   0.01013         0
     60/99     6.77G   0.05664   0.01077         0   0.06741         2      1024         0         0   0.01788  0.005556   0.05372      0.01         0
     61/99     6.77G   0.05726   0.01085         0   0.06811         1      1024         0         0   0.01958  0.006338   0.05232   0.01009         0
     62/99     6.77G   0.05684   0.01068         0   0.06753         2      1024         0         0   0.01675  0.005039   0.05299    0.0101         0
     63/99     6.77G   0.05633   0.01049         0   0.06683         1      1024         0         0    0.0237  0.007251   0.05306  0.009967         0
     64/99     6.77G   0.05633   0.01048         0   0.06681         2      1024         0         0   0.01979    0.0072   0.05211   0.01011         0
     65/99     6.77G   0.05537    0.0109         0   0.06627         3      1024         0         0   0.01742  0.005762   0.05234   0.01012         0
     66/99     6.77G   0.05561    0.0106         0   0.06621         2      1024         0         0   0.01614  0.004959   0.05381   0.01005         0
     67/99     6.77G   0.05525   0.01061         0   0.06586         1      1024         0         0   0.01909  0.006065   0.05292   0.01001         0
     68/99     6.77G    0.0557   0.01066         0   0.06636         6      1024         0         0   0.01695  0.005601   0.05289   0.01012         0
     69/99     6.77G   0.05516   0.01068         0   0.06584         3      1024         0         0   0.01751  0.005304   0.05283   0.01012         0
     70/99     6.77G   0.05459   0.01049         0   0.06508         2      1024         0         0   0.01842   0.00613   0.05191   0.01007         0
     71/99     6.77G   0.05434   0.01084         0   0.06519         1      1024         0         0   0.02033  0.006599   0.05243   0.01004         0
     72/99     6.77G   0.05495   0.01088         0   0.06583         7      1024         0         0   0.01994    0.0065   0.05252   0.01001         0
     73/99     6.77G   0.05448   0.01086         0   0.06534         1      1024         0         0   0.01998  0.006526   0.05153   0.01005         0
     74/99     6.77G   0.05375   0.01084         0   0.06459         4      1024         0         0   0.01959  0.006877   0.05164      0.01         0
     75/99     6.77G   0.05439   0.01071         0    0.0651         2      1024         0         0   0.01964  0.006612   0.05177   0.01002         0
     76/99     6.77G    0.0536   0.01088         0   0.06449         4      1024         0         0   0.01882  0.006072   0.05192   0.01005         0
     77/99     6.77G   0.05371   0.01051         0   0.06422         1      1024         0         0   0.01837  0.006122   0.05165   0.01006         0
     78/99     6.77G   0.05401   0.01086         0   0.06487         3      1024         0         0    0.0204   0.00724   0.05186  0.009968         0
     79/99     6.77G   0.05422   0.01072         0   0.06494         4      1024         0         0   0.01809  0.006067   0.05182   0.01004         0
     80/99     6.77G   0.05317   0.01087         0   0.06404         5      1024         0         0   0.01873  0.006306   0.05145   0.01008         0
     81/99     6.77G    0.0529   0.01072         0   0.06362         3      1024         0         0   0.01892  0.006471   0.05104    0.0101         0
     82/99     6.77G   0.05237    0.0109         0   0.06326         4      1024         0         0   0.01805  0.005603   0.05182   0.01007         0
     83/99     6.77G   0.05195   0.01082         0   0.06277         2      1024         0         0   0.01903  0.006276   0.05156   0.01005         0
     84/99     6.77G   0.05196   0.01092         0   0.06289         4      1024         0         0   0.01855  0.006145   0.05141   0.01009         0
     85/99     6.77G   0.05279   0.01101         0    0.0638         7      1024         0         0   0.01769  0.005696    0.0517   0.01011         0
     86/99     6.77G   0.05196   0.01075         0   0.06272         3      1024         0         0    0.0198  0.006543   0.05192  0.009964         0
     87/99     6.77G   0.05267   0.01067         0   0.06334         3      1024         0         0   0.02195  0.006924   0.05149  0.009959         0
     88/99     6.77G   0.05184   0.01059         0   0.06243         2      1024         0         0   0.01921    0.0064   0.05142   0.01005         0
     89/99     6.77G   0.05197   0.01072         0    0.0627         2      1024         0         0   0.02019  0.006746   0.05117   0.01002         0
     90/99     6.77G   0.05195   0.01077         0   0.06272         2      1024         0         0   0.01999  0.006406   0.05168   0.00999         0
     91/99     6.77G   0.05145   0.01075         0   0.06221         4      1024         0         0   0.02101  0.007038   0.05138  0.009985         0
     92/99     6.77G   0.05134   0.01076         0   0.06211         3      1024   0.08291  0.002959   0.01985  0.006204   0.05187   0.01001         0
     93/99     6.77G    0.0513   0.01083         0   0.06213         5      1024   0.06453  0.002673   0.02034  0.006971   0.05168  0.009969         0
     94/99     6.77G   0.05093   0.01081         0   0.06174         4      1024         0         0   0.02045  0.006486   0.05145   0.01002         0
     95/99     6.77G   0.05077   0.01093         0   0.06171         3      1024   0.05433  0.001768   0.02007  0.006641   0.05165  0.009926         0
     96/99     6.77G   0.05124    0.0106         0   0.06184         0      1024         0         0   0.01945  0.006534   0.05171   0.00995         0
     97/99     6.77G   0.05084   0.01057         0   0.06142         3      1024    0.1501  0.002959   0.02099  0.006731   0.05167  0.009977         0
     98/99     6.77G   0.05093   0.01065         0   0.06158         6      1024   0.06681  0.002767   0.01869  0.005972   0.05205  0.009956         0
     99/99     6.77G   0.05048   0.01087         0   0.06135         5      1024   0.09191  0.002959   0.01984  0.005975   0.05168  0.009987         0
