       0/9     6.76G   0.09425   0.01112         0    0.1054         1      1024         0         0 0.0002394 3.968e-05   0.07465  0.009084         0
       1/9     6.76G   0.07412  0.009928         0   0.08405         2      1024         0         0  0.006451  0.001645   0.06184  0.009937         0
       2/9     6.77G   0.06553   0.01057         0    0.0761         2      1024         0         0  0.009155   0.00297   0.06133  0.009821         0
       3/9     6.77G    0.0626   0.01053         0   0.07313         3      1024         0         0   0.01122  0.002832   0.05722   0.01008         0
       4/9     6.77G    0.0615   0.01044         0   0.07194         5      1024         0         0   0.01364  0.003699   0.05567   0.01002         0
       5/9     6.77G   0.05977   0.01036         0   0.07013         4      1024         0         0   0.01432  0.004523   0.05505  0.009844         0
       6/9     6.77G   0.05785   0.01037         0   0.06821         7      1024         0         0   0.01195  0.003625   0.05445   0.01007         0
       7/9     6.77G   0.05657   0.01064         0   0.06721         6      1024         0         0   0.01593  0.005416    0.0513   0.01008         0
       8/9     6.77G   0.05455   0.01053         0   0.06508         5      1024         0         0   0.01754  0.006199   0.05158   0.01005         0
       9/9     6.77G   0.05366   0.01062         0   0.06428         5      1024         0         0   0.02178  0.007294   0.05051   0.01003         0
