      0/99     2.65G    0.1231   0.02626   0.03663     0.186         4       544         0         0  0.004618 0.0007358    0.1045   0.02471   0.01541
      1/99     2.66G   0.09825   0.02841   0.01143    0.1381         5       544   0.06216    0.3245     0.089   0.02072   0.08461   0.02957  0.003154
      2/99     2.66G   0.08662   0.02866  0.005323    0.1206         6       544    0.1087    0.3156   0.08045   0.01386   0.07867   0.02414   0.00217
      3/99     2.67G   0.08242   0.02732  0.003157    0.1129        11       544    0.1054    0.2004   0.07477   0.01235   0.07354   0.02302  0.002342
      4/99     2.67G    0.0776   0.02642  0.003244    0.1073         7       544   0.09803    0.6489    0.2285   0.05471   0.06767   0.02343  0.001924
      5/99     2.67G    0.0744   0.02543  0.002661    0.1025         6       544    0.1067    0.6684    0.2507   0.04952   0.06678   0.02472  0.001823
      6/99     2.67G   0.07318   0.02371  0.002839   0.09973         3       544   0.07294    0.5537     0.189   0.04232    0.0705   0.02599  0.002183
      7/99     2.67G   0.07745   0.02271  0.002732    0.1029         1       544   0.06766    0.1152   0.03393  0.007288   0.09097   0.02355  0.003098
      8/99     2.67G   0.07392   0.02342  0.003693     0.101         3       544    0.1216    0.7145    0.3088   0.06892   0.06266   0.02406  0.001619
      9/99     2.67G   0.07271   0.02357  0.002352   0.09864         3       544    0.1561    0.6418    0.2726   0.07227   0.06615   0.02241  0.001589
     10/99     2.67G   0.06893   0.02305  0.003297   0.09527         5       544    0.1455    0.6702    0.3623    0.1005   0.06323   0.02111  0.001753
     11/99     2.67G   0.06664   0.02323  0.002474   0.09234         5       544    0.1336    0.5709    0.2479   0.05971   0.06602   0.02791  0.001314
     12/99     2.67G   0.06353   0.02433  0.002142      0.09        11       544    0.1433    0.7376    0.3842   0.08242   0.06098   0.02424  0.001255
     13/99     2.67G   0.06328   0.02531  0.001775   0.09036         5       544    0.1616    0.7199    0.4493    0.1594   0.05581   0.02442  0.001255
     14/99     2.67G   0.06006    0.0231  0.001904   0.08506         1       544    0.1429    0.7695    0.4555    0.1207   0.05629   0.02162  0.001157
     15/99     2.67G   0.05974   0.02266  0.001608   0.08401         4       544    0.2146    0.7004    0.4523    0.1411    0.0544    0.0222    0.0011
     16/99     2.67G   0.05985   0.02263  0.001261   0.08374         6       544    0.2113    0.7979    0.5444    0.2033   0.05171    0.0205  0.001079
     17/99     2.67G   0.05704   0.02228  0.001492   0.08081         1       544    0.1844    0.7323    0.4564    0.1452    0.0568   0.02186  0.000909
     18/99     2.67G   0.05847   0.02253  0.001636   0.08263         1       544    0.2724    0.7535    0.5264    0.1697   0.05322   0.01938 0.0009645
     19/99     2.67G   0.05623   0.02258  0.001508   0.08031         3       544    0.1999    0.8191    0.5593     0.179    0.0507   0.01988 0.0008665
     20/99     2.67G   0.05726   0.02193  0.001014    0.0802         3       544    0.2108    0.7908    0.5531    0.1778   0.05073   0.01998 0.0007208
     21/99     2.67G   0.05698   0.02336  0.001447   0.08178         6       544    0.2367    0.8032    0.6115    0.2179   0.04621   0.02022 0.0007828
     22/99     2.67G   0.05525   0.02109  0.001522   0.07786         6       544    0.2323    0.8191    0.5919    0.2225   0.04724   0.01973 0.0007978
     23/99     2.67G   0.05456   0.02294   0.00102   0.07852         1       544    0.2324     0.805    0.5952    0.2186   0.04675   0.02015 0.0007142
     24/99     2.67G   0.05604   0.02225  0.001452   0.07974         5       544    0.3144    0.7748     0.608    0.2277   0.04789   0.01915 0.0008058
     25/99     2.67G   0.05314   0.02143  0.001106   0.07568         1       544    0.2589    0.7996    0.5982    0.2156   0.04606   0.01994 0.0006569
     26/99     2.67G   0.05449   0.02097  0.001054   0.07652         4       544    0.2756    0.7943    0.6063    0.2366   0.04633   0.01954  0.000721
     27/99     2.67G   0.05319   0.02176 0.0009218   0.07587         8       544    0.2706    0.7996    0.5875    0.2271   0.04584   0.01985 0.0006243
     28/99     2.67G   0.05177   0.02089  0.001254   0.07391         5       544     0.271     0.789    0.5925    0.2129   0.04649    0.0193 0.0006391
     29/99     2.67G   0.05251   0.02085 0.0008773   0.07424         3       544    0.3509    0.7305    0.5995    0.2283   0.04627   0.01972  0.000529
     30/99     2.67G   0.05324   0.02205  0.000877   0.07617         2       544    0.3343    0.7784    0.6144    0.2375   0.04361    0.0192 0.0005739
     31/99     2.67G   0.05128   0.02078 0.0009925   0.07305        12       544    0.3407    0.7695    0.6094    0.2259   0.04584   0.01941 0.0005499
     32/99     2.67G   0.05074   0.02183 0.0008385   0.07341         5       544    0.3558    0.7677    0.6271    0.2595   0.04442   0.01925 0.0005681
     33/99     2.67G   0.05023   0.02103 0.0008455    0.0721         2       544    0.3052     0.805    0.6509    0.2743   0.04314   0.01927 0.0005013
     34/99     2.67G   0.05031   0.02088 0.0009083    0.0721         2       544    0.3452    0.8032    0.6364    0.2628   0.04305   0.01937   0.00047
     35/99     2.67G   0.04952   0.02128 0.0007921    0.0716         5       544    0.3688     0.805     0.657    0.2733   0.04367   0.01907 0.0005154
     36/99     2.67G   0.04926   0.02121 0.0008118   0.07128         5       544    0.3539    0.8067    0.6714    0.2871   0.04132   0.01884 0.0004569
     37/99     2.67G   0.04924   0.02062 0.0008519    0.0707         4       544    0.3587    0.7748    0.6498    0.2504   0.04457   0.01883 0.0004742
     38/99     2.67G   0.04889    0.0212  0.000954   0.07105         2       544    0.3894    0.7908    0.6668    0.2839   0.04246   0.01884 0.0005042
     39/99     2.67G   0.04755   0.02086 0.0007862    0.0692         4       544    0.3631    0.8103    0.6605    0.2727   0.04274   0.01881 0.0004339
     40/99     2.67G   0.04861   0.02091 0.0007087   0.07023         5       544    0.4103    0.7796    0.6823    0.2727   0.04309   0.01897 0.0004898
     41/99     2.67G    0.0482   0.02111 0.0007205   0.07003         8       544     0.407     0.805    0.6927    0.2867   0.04212   0.01878 0.0004304
     42/99     2.67G   0.04535   0.02009 0.0007297   0.06617         3       544    0.4155     0.789    0.6839    0.2876   0.04112   0.01877 0.0003914
     43/99     2.67G   0.04695   0.02077  0.000743   0.06845         4       544    0.3694     0.828    0.6782    0.2846   0.04123   0.01861  0.000439
     44/99     2.67G   0.04699   0.01968 0.0006337    0.0673         4       544    0.3676    0.8333    0.6721    0.2766   0.04259   0.01856 0.0003738
     45/99     2.67G   0.04622   0.02048 0.0008762   0.06758         5       544    0.3947    0.8316    0.6983    0.3014   0.04081   0.01847 0.0003482
     46/99     2.67G   0.04591   0.02024 0.0007516    0.0669         5       544    0.3524    0.8404    0.6778    0.2896   0.04124   0.01863 0.0003623
     47/99     2.67G   0.04573   0.02011 0.0006237   0.06647         3       544    0.4287    0.8121    0.6928    0.2976   0.04038   0.01852 0.0003767
     48/99     2.67G    0.0449   0.02028 0.0005987   0.06578         4       544    0.4635    0.7842    0.6932    0.3072   0.04041   0.01854 0.0003472
     49/99     2.67G   0.04549   0.02044 0.0006896   0.06662         2       544    0.4362    0.7766    0.6826    0.2952   0.03975   0.01849 0.0003538
     50/99     2.67G   0.04547   0.01931 0.0007137   0.06549         5       544    0.3969    0.7961    0.6747    0.2964   0.04004   0.01868 0.0003393
     51/99     2.67G   0.04491   0.01983 0.0004681   0.06521         3       544    0.4551    0.7624    0.6862    0.3004   0.04086   0.01888 0.0002985
     52/99     2.67G   0.04551   0.02102 0.0006776   0.06721         6       544    0.4899    0.7518    0.6794    0.3041   0.03982   0.01864  0.000294
     53/99     2.67G   0.04531   0.02001 0.0006682   0.06599         7       544    0.4625    0.8174    0.7121    0.3084   0.04014   0.01853 0.0002753
     54/99     2.67G   0.04468   0.01968 0.0005611   0.06492         9       544    0.4389     0.805    0.6801    0.3013   0.04037   0.01843 0.0002833
     55/99     2.67G   0.04461   0.02061 0.0005511   0.06578         7       544    0.4145     0.844    0.7043    0.3153   0.03922   0.01825 0.0002889
     56/99     2.67G   0.04311   0.01919 0.0004959    0.0628         5       544    0.4896    0.7979    0.6998    0.3079    0.0394   0.01842 0.0002816
     57/99     2.67G   0.04371   0.02105 0.0004471    0.0652         3       544    0.4485    0.7961     0.701    0.3111   0.03881   0.01847  0.000285
     58/99     2.67G   0.04431   0.01976  0.001083   0.06515         3       544    0.4429    0.7996     0.703    0.3046   0.03918   0.01841 0.0002205
     59/99     2.67G   0.04335   0.01952  0.000643   0.06351         4       544    0.4921     0.773    0.6914    0.3036   0.03962   0.01851 0.0002389
     60/99     2.67G   0.04344   0.02005 0.0006691   0.06416         5       544    0.4529    0.7778    0.6973    0.3107   0.03923   0.01826 0.0002393
     61/99     2.67G     0.042   0.01874 0.0006827   0.06142         2       544    0.4532    0.7926    0.6974    0.3185    0.0386   0.01816   0.00024
     62/99     2.67G   0.04324   0.01944 0.0006251   0.06331         3       544    0.4651    0.8191    0.7079    0.3187   0.03802   0.01828 0.0002386
     63/99     2.67G    0.0426   0.01947 0.0004575   0.06252         1       544    0.4454    0.8032    0.7067    0.3279   0.03763   0.01817 0.0002315
     64/99     2.67G   0.04186    0.0195  0.000354   0.06171         3       544     0.461    0.8007    0.7019    0.3207   0.03833   0.01789  0.000213
     65/99     2.67G   0.04202   0.01886 0.0004042   0.06128         8       544    0.4381    0.8103    0.6994    0.3211   0.03746   0.01796  0.000179
     66/99     2.67G    0.0425   0.01917 0.0003943   0.06207         1       544    0.4705    0.7989    0.7111    0.3149   0.03766   0.01808 0.0001832
     67/99     2.67G   0.04217   0.01958 0.0005818   0.06233         2       544    0.4474    0.8103    0.7011    0.3205    0.0383     0.018 0.0001889
     68/99     2.67G   0.04154   0.01962 0.0005459   0.06171         3       544    0.4401    0.8138    0.7092    0.3289   0.03737    0.0178 0.0001857
     69/99     2.67G   0.04147   0.01934 0.0003378   0.06115        14       544    0.4503    0.8369    0.7257    0.3298   0.03685   0.01806 0.0001801
     70/99     2.67G   0.04205   0.01996 0.0005601   0.06257         4       544    0.4501    0.8369    0.7251    0.3325   0.03648   0.01773 0.0001883
     71/99     2.67G   0.04161   0.01918 0.0005279   0.06132         4       544    0.4539    0.8209    0.7243    0.3387   0.03681   0.01774 0.0001772
     72/99     2.67G   0.04164   0.01926 0.0003001    0.0612         5       544    0.4561    0.7979    0.7136    0.3309   0.03744    0.0177 0.0001703
     73/99     2.67G   0.04081   0.01919 0.0004723   0.06047         4       544    0.4367    0.8085    0.7055    0.3286   0.03724   0.01799 0.0001742
     74/99     2.67G   0.04047    0.0187 0.0004581   0.05963         1       544    0.4664    0.7819    0.7068    0.3315   0.03705   0.01798 0.0001657
     75/99     2.67G   0.04177   0.01938  0.000471   0.06162         7       544    0.4568     0.789    0.6981    0.3292   0.03702   0.01809 0.0001631
     76/99     2.67G   0.03956   0.01776 0.0004138   0.05773         5       544    0.4638    0.7926    0.7118    0.3344   0.03654   0.01807 0.0001581
     77/99     2.67G    0.0401    0.0194 0.0003519   0.05985         4       544     0.469    0.8174    0.7223     0.334   0.03583   0.01791 0.0001582
     78/99     2.67G   0.04026   0.01965 0.0004602   0.06037        10       544    0.4827    0.7943    0.7182    0.3299   0.03645   0.01785 0.0001452
     79/99     2.67G   0.03992   0.01871  0.000418   0.05905         1       544    0.4831    0.7961    0.7169    0.3367   0.03594   0.01766 0.0001406
     80/99     2.67G   0.04114   0.01933 0.0005828   0.06105        15       544    0.4686    0.8085    0.7162    0.3376   0.03591   0.01763 0.0001384
     81/99     2.67G   0.04072   0.01939 0.0003708   0.06048         9       544    0.4518    0.8298    0.7237    0.3396    0.0359   0.01758 0.0001422
     82/99     2.67G   0.03983    0.0192 0.0003604   0.05939         6       544    0.4814    0.8103    0.7206    0.3398   0.03544   0.01765 0.0001508
     83/99     2.67G   0.04025   0.01895 0.0003442   0.05954         7       544    0.4663    0.8138    0.7187    0.3342    0.0356   0.01772 0.0001459
     84/99     2.67G   0.04019   0.01973 0.0003864    0.0603         4       544    0.4412    0.8245    0.7145    0.3346   0.03565   0.01777 0.0001348
     85/99     2.67G     0.039   0.01842 0.0002271   0.05764         4       544    0.5285    0.7751    0.7257     0.341   0.03538   0.01786 0.0001322
     86/99     2.67G   0.03943   0.01854 0.0003018   0.05828         5       544    0.4463    0.8333    0.7324    0.3443   0.03539   0.01773 0.0001248
     87/99     2.67G   0.03942   0.01844 0.0002107   0.05807         4       544    0.4707    0.8262     0.729    0.3405   0.03508   0.01775 0.0001286
     88/99     2.67G   0.03971   0.01874 0.0002135   0.05866         4       544    0.4603    0.8333    0.7259    0.3414   0.03527   0.01759 0.0001285
     89/99     2.67G   0.03976   0.01842 0.0002036   0.05838        10       544    0.4735     0.828    0.7332      0.35   0.03465   0.01751 0.0001236
     90/99     2.67G   0.03889   0.01794 0.0005897   0.05742         6       544    0.4659    0.8275    0.7266    0.3506   0.03482   0.01753  0.000121
     91/99     2.67G   0.03913   0.01854 0.0002399   0.05791        14       544    0.4681    0.8103    0.7318    0.3477   0.03501   0.01743 0.0001179
     92/99     2.67G   0.03855   0.01875 0.0004099   0.05772         2       544    0.4738    0.8262    0.7323     0.343   0.03536    0.0174 0.0001159
     93/99     2.67G    0.0386   0.01863 0.0002364   0.05746         7       544    0.4855    0.8316    0.7358    0.3523   0.03518   0.01749 0.0001177
     94/99     2.67G   0.03924   0.01937 0.0003088   0.05892        11       544    0.4678    0.8351    0.7314    0.3434   0.03517   0.01749 0.0001196
     95/99     2.67G   0.03818   0.01911 0.0005889   0.05788        11       544    0.4877    0.8103    0.7302    0.3558   0.03463   0.01743 0.0001166
     96/99     2.67G   0.03835   0.01871  0.000292   0.05735         2       544    0.4857    0.8121    0.7312    0.3467   0.03462   0.01747  0.000114
     97/99     2.67G   0.03913   0.01822 0.0003023   0.05766         6       544    0.4914    0.8138     0.726    0.3433   0.03469   0.01741 0.0001151
     98/99     2.67G   0.03871    0.0187  0.000312   0.05771         4       544     0.476     0.828    0.7318    0.3531   0.03477   0.01732 0.0001134
     99/99     2.67G   0.03806   0.01884 0.0003036    0.0572         4       544    0.4997    0.8182    0.7358    0.3619   0.03445   0.01734 0.0001117
