      0/99     6.76G   0.08111    0.1693         0    0.2504       176      1024    0.2995     0.919    0.6826    0.2628   0.04911    0.1474         0
      1/99     6.76G   0.05509     0.158         0    0.2131       108      1024    0.4511    0.9408    0.8754    0.4089   0.04199     0.142         0
      2/99     6.77G   0.04951    0.1562         0    0.2057       180      1024    0.5312    0.9361    0.9051     0.407   0.04213    0.1401         0
      3/99     6.77G   0.04535    0.1525         0    0.1979       148      1024    0.5046    0.9312     0.892    0.4013   0.04096    0.1404         0
      4/99     6.77G   0.04234    0.1507         0     0.193       169      1024    0.6338    0.9367    0.9246    0.4626   0.03737     0.136         0
      5/99     6.77G   0.04098    0.1466         0    0.1876       208      1024    0.6663    0.9439    0.9331    0.4761    0.0369    0.1343         0
      6/99     6.77G   0.03996    0.1437         0    0.1836       265      1024    0.6707    0.9493    0.9404    0.5009   0.03543    0.1329         0
      7/99     6.77G   0.03953    0.1456         0    0.1851       233      1024    0.6436    0.9491    0.9376    0.4989    0.0353    0.1334         0
      8/99     6.77G    0.0393    0.1432         0    0.1825       151      1024    0.7079    0.9443    0.9398    0.5041   0.03519    0.1321         0
      9/99     6.77G   0.03851    0.1428         0    0.1813       181      1024      0.68    0.9473    0.9395    0.5069   0.03483    0.1319         0
     10/99     6.77G   0.03855    0.1432         0    0.1817       190      1024    0.6307    0.9469    0.9334    0.4813   0.03683    0.1321         0
     11/99     6.77G   0.03823    0.1439         0    0.1821       245      1024    0.7094    0.9453    0.9405    0.5102   0.03478    0.1314         0
     12/99     6.77G    0.0378    0.1408         0    0.1786       171      1024    0.6844    0.9501    0.9424    0.5064   0.03507    0.1306         0
     13/99     6.77G   0.03756    0.1414         0    0.1789       240      1024    0.7066    0.9486    0.9429    0.5188   0.03426    0.1303         0
     14/99     6.77G   0.03754    0.1414         0    0.1789       168      1024    0.7303    0.9447    0.9424    0.5046   0.03502    0.1309         0
     15/99     6.77G    0.0374      0.14         0    0.1774       168      1024    0.7241     0.948    0.9438    0.5191   0.03416    0.1296         0
     16/99     6.77G   0.03723      0.14         0    0.1772       113      1024    0.6955    0.9498    0.9432    0.5208   0.03411    0.1303         0
     17/99     6.77G   0.03688    0.1405         0    0.1774       133      1024    0.7234    0.9502    0.9456    0.5231   0.03408    0.1294         0
     18/99     6.77G   0.03691    0.1403         0    0.1772       152      1024    0.7303    0.9485     0.946    0.5219   0.03394    0.1291         0
     19/99     6.77G     0.037    0.1401         0    0.1771       144      1024    0.7218    0.9521    0.9486    0.5289   0.03364    0.1289         0
     20/99     6.77G   0.03648    0.1384         0    0.1749       184      1024    0.7411    0.9466    0.9444     0.525   0.03389    0.1291         0
     21/99     6.77G   0.03652    0.1375         0     0.174       153      1024    0.7328      0.95    0.9463    0.5287   0.03369    0.1286         0
     22/99     6.77G   0.03642    0.1398         0    0.1762       137      1024    0.7463    0.9482    0.9461    0.5273   0.03378    0.1292         0
     23/99     6.77G   0.03638    0.1381         0    0.1745       215      1024    0.7291     0.951    0.9478    0.5272   0.03376    0.1288         0
     24/99     6.77G   0.03614    0.1385         0    0.1747       250      1024    0.7157    0.9496    0.9452     0.527   0.03383     0.129         0
     25/99     6.77G   0.03614    0.1364         0    0.1726       125      1024    0.7145    0.9513    0.9458    0.5274   0.03373    0.1294         0
     26/99     6.77G   0.03587    0.1391         0     0.175       138      1024    0.7363    0.9485    0.9462    0.5297   0.03358    0.1288         0
     27/99     6.77G   0.03599    0.1389         0    0.1749        84      1024    0.7467    0.9461    0.9457    0.5281   0.03371    0.1286         0
     28/99     6.77G   0.03636    0.1395         0    0.1759       213      1024    0.7352    0.9484    0.9471    0.5303   0.03361    0.1284         0
     29/99     6.77G   0.03582    0.1388         0    0.1746       226      1024    0.7059    0.9531     0.947    0.5318   0.03365    0.1286         0
     30/99     6.77G   0.03559    0.1362         0    0.1718        98      1024    0.7517    0.9465    0.9471      0.53    0.0335    0.1283         0
     31/99     6.77G   0.03554    0.1382         0    0.1738       233      1024    0.7381    0.9503    0.9477    0.5353    0.0333    0.1282         0
     32/99     6.77G   0.03549    0.1368         0    0.1723       117      1024    0.7455     0.948    0.9477    0.5324   0.03339    0.1281         0
     33/99     6.77G   0.03563     0.138         0    0.1736       206      1024    0.7495    0.9482    0.9478    0.5344   0.03329     0.128         0
     34/99     6.77G   0.03546    0.1361         0    0.1716       103      1024    0.7489    0.9488    0.9478    0.5337   0.03332    0.1282         0
     35/99     6.77G   0.03524     0.136         0    0.1713       263      1024    0.7411    0.9502    0.9476    0.5342   0.03336     0.128         0
     36/99     6.77G   0.03532    0.1353         0    0.1706        89      1024    0.7485      0.95    0.9484    0.5357    0.0332    0.1278         0
     37/99     6.77G   0.03516    0.1357         0    0.1709       120      1024    0.7437    0.9497    0.9471     0.534   0.03328    0.1279         0
     38/99     6.77G   0.03504    0.1362         0    0.1712        99      1024    0.7429    0.9494    0.9469     0.532   0.03347    0.1281         0
     39/99     6.77G   0.03519    0.1365         0    0.1716       253      1024    0.7506    0.9506    0.9482     0.535   0.03323    0.1278         0
     40/99     6.77G   0.03515    0.1352         0    0.1704       162      1024    0.7438     0.951    0.9485    0.5364   0.03322    0.1278         0
     41/99     6.77G   0.03497    0.1348         0    0.1698       264      1024    0.7465    0.9484    0.9465    0.5359   0.03325     0.128         0
     42/99     6.77G   0.03488    0.1355         0    0.1704       145      1024    0.7499    0.9501    0.9489    0.5373   0.03309    0.1276         0
     43/99     6.77G   0.03466    0.1337         0    0.1684       173      1024    0.7365    0.9506     0.947    0.5338   0.03332     0.128         0
     44/99     6.77G    0.0348    0.1345         0    0.1693       143      1024    0.7434    0.9517     0.949    0.5382   0.03309    0.1275         0
     45/99     6.77G   0.03467    0.1343         0     0.169       242      1024    0.7579    0.9489    0.9483    0.5362   0.03317    0.1276         0
     46/99     6.77G   0.03496    0.1364         0    0.1714       184      1024    0.7469    0.9531    0.9488     0.538   0.03314    0.1279         0
     47/99     6.77G   0.03467    0.1352         0    0.1699       148      1024    0.7658     0.946    0.9474    0.5353    0.0332    0.1279         0
     48/99     6.77G   0.03477    0.1353         0    0.1701       181      1024    0.7589    0.9492    0.9478    0.5386   0.03301    0.1279         0
     49/99     6.77G   0.03442    0.1328         0    0.1672       301      1024    0.7454    0.9494    0.9482    0.5369   0.03309    0.1279         0
     50/99     6.77G   0.03444    0.1335         0    0.1679       202      1024    0.7459    0.9514    0.9479    0.5392   0.03303    0.1275         0
     51/99     6.77G   0.03447    0.1328         0    0.1673       217      1024     0.758    0.9482    0.9463    0.5382   0.03308    0.1275         0
     52/99     6.77G   0.03441    0.1336         0     0.168       115      1024    0.7575    0.9494    0.9486    0.5412   0.03293    0.1276         0
     53/99     6.77G   0.03426    0.1341         0    0.1684       152      1024    0.7388    0.9505    0.9465    0.5368   0.03312    0.1282         0
     54/99     6.77G    0.0342    0.1325         0    0.1667       143      1024    0.7467    0.9508     0.947    0.5376   0.03307    0.1278         0
     55/99     6.77G    0.0343    0.1345         0    0.1688       217      1024    0.7645    0.9489    0.9483    0.5381   0.03298    0.1274         0
     56/99     6.77G   0.03422    0.1332         0    0.1674       128      1024    0.7386    0.9504    0.9469    0.5379    0.0331    0.1278         0
     57/99     6.77G   0.03405    0.1333         0    0.1673       226      1024     0.746    0.9503    0.9469    0.5401   0.03296    0.1277         0
     58/99     6.77G    0.0339     0.132         0    0.1659       222      1024    0.7609    0.9494     0.948    0.5398   0.03294    0.1275         0
     59/99     6.77G   0.03419    0.1323         0    0.1664       179      1024    0.7573    0.9498    0.9489    0.5398   0.03295    0.1276         0
     60/99     6.77G    0.0342    0.1319         0    0.1661        93      1024     0.755    0.9512    0.9488      0.54   0.03291    0.1274         0
     61/99     6.77G   0.03412    0.1329         0     0.167       115      1024    0.7534    0.9498    0.9475    0.5406   0.03291    0.1277         0
     62/99     6.77G   0.03384    0.1314         0    0.1653       106      1024    0.7609    0.9517    0.9498    0.5412    0.0328    0.1275         0
     63/99     6.77G   0.03387    0.1308         0    0.1647       108      1024    0.7635    0.9495    0.9481    0.5408   0.03287    0.1275         0
     64/99     6.77G   0.03398    0.1308         0    0.1647       125      1024    0.7663    0.9478    0.9474      0.54   0.03294    0.1274         0
     65/99     6.77G   0.03392    0.1324         0    0.1664       134      1024    0.7642    0.9492    0.9481    0.5425   0.03282    0.1273         0
     66/99     6.77G   0.03371    0.1313         0     0.165       228      1024    0.7552    0.9512    0.9481    0.5414   0.03289    0.1276         0
     67/99     6.77G   0.03363    0.1312         0    0.1648       138      1024    0.7685     0.948    0.9475    0.5402   0.03289    0.1275         0
     68/99     6.77G   0.03378    0.1318         0    0.1656       267      1024    0.7597      0.95    0.9475    0.5399    0.0329    0.1277         0
     69/99     6.77G   0.03372    0.1311         0    0.1648       180      1024    0.7643     0.949     0.949    0.5413   0.03285    0.1273         0
     70/99     6.77G   0.03354      0.13         0    0.1636       176      1024    0.7596    0.9496    0.9483    0.5413   0.03278    0.1275         0
     71/99     6.77G   0.03353    0.1298         0    0.1634       174      1024    0.7641    0.9484    0.9471    0.5415   0.03282    0.1277         0
     72/99     6.77G   0.03378    0.1302         0    0.1639       195      1024    0.7658    0.9488    0.9487    0.5419   0.03283    0.1277         0
     73/99     6.77G   0.03353    0.1296         0    0.1632        66      1024    0.7667    0.9491    0.9484    0.5412   0.03288    0.1278         0
     74/99     6.77G   0.03348    0.1303         0    0.1638       253      1024    0.7564    0.9497    0.9479    0.5411   0.03281    0.1277         0
     75/99     6.77G   0.03343    0.1296         0     0.163       111      1024    0.7611    0.9499    0.9482    0.5415    0.0328    0.1276         0
     76/99     6.77G   0.03349     0.131         0    0.1645       146      1024    0.7685    0.9491    0.9482    0.5427   0.03277    0.1275         0
     77/99     6.77G   0.03348    0.1304         0    0.1638       120      1024    0.7691    0.9492    0.9489    0.5432   0.03272    0.1275         0
     78/99     6.77G   0.03371    0.1318         0    0.1655       354      1024    0.7621    0.9478    0.9473    0.5408   0.03287    0.1277         0
     79/99     6.77G   0.03338    0.1298         0    0.1632       284      1024    0.7699     0.949    0.9487    0.5435   0.03275    0.1274         0
     80/99     6.77G   0.03339    0.1317         0    0.1651       247      1024    0.7705    0.9494    0.9486    0.5426   0.03277    0.1275         0
     81/99     6.77G   0.03327    0.1285         0    0.1618        66      1024    0.7698     0.949    0.9476    0.5421   0.03282    0.1275         0
     82/99     6.77G   0.03331    0.1308         0    0.1641       117      1024    0.7634     0.949    0.9474    0.5416   0.03279    0.1279         0
     83/99     6.77G   0.03305    0.1287         0    0.1617       119      1024    0.7703    0.9477    0.9479    0.5416   0.03279    0.1278         0
     84/99     6.77G   0.03316    0.1291         0    0.1623       128      1024    0.7653    0.9485    0.9482    0.5424    0.0328    0.1277         0
     85/99     6.77G   0.03327    0.1294         0    0.1627       205      1024    0.7731    0.9469    0.9472    0.5409   0.03282    0.1278         0
     86/99     6.77G   0.03309    0.1293         0    0.1624       111      1024    0.7678    0.9484    0.9482    0.5426   0.03276    0.1275         0
     87/99     6.77G   0.03327    0.1295         0    0.1627       164      1024    0.7683    0.9484    0.9482    0.5416   0.03284    0.1278         0
     88/99     6.77G   0.03326    0.1283         0    0.1616        70      1024    0.7698    0.9488     0.948    0.5416   0.03279    0.1278         0
     89/99     6.77G   0.03309    0.1292         0    0.1623        88      1024    0.7732    0.9479    0.9484     0.542   0.03281    0.1279         0
     90/99     6.77G   0.03319    0.1296         0    0.1628       120      1024    0.7667    0.9471    0.9478    0.5425   0.03278    0.1278         0
     91/99     6.77G   0.03301    0.1281         0    0.1611       168      1024    0.7666     0.948    0.9475    0.5411   0.03281    0.1282         0
     92/99     6.77G   0.03309    0.1295         0    0.1626       169      1024    0.7678    0.9484    0.9471     0.541   0.03282    0.1279         0
     93/99     6.77G   0.03307    0.1287         0    0.1618       172      1024     0.773     0.949    0.9489     0.541   0.03279    0.1278         0
     94/99     6.77G   0.03297    0.1287         0    0.1616       191      1024    0.7698    0.9473    0.9477    0.5415   0.03282     0.128         0
     95/99     6.77G    0.0331    0.1297         0    0.1628       159      1024    0.7724    0.9484    0.9478    0.5414   0.03277    0.1278         0
     96/99     6.77G   0.03297    0.1285         0    0.1615       104      1024    0.7643     0.948    0.9477    0.5411   0.03283     0.128         0
     97/99     6.77G   0.03287    0.1277         0    0.1606       150      1024    0.7699    0.9494     0.949    0.5419    0.0328     0.128         0
     98/99     6.77G   0.03294    0.1285         0    0.1614       180      1024    0.7679      0.95    0.9485    0.5422   0.03278    0.1279         0
     99/99     6.77G   0.03294    0.1294         0    0.1623       214      1024    0.7718    0.9486    0.9479    0.5417   0.03277    0.1279         0
