       0/9     2.61G    0.1314   0.02199   0.04324    0.1966         5       576         1  0.002786  0.006632  0.001221    0.1046   0.01511   0.03163
       1/9     2.65G    0.1259   0.01526    0.0238    0.1649         1       576         0         0  0.004876 0.0006665   0.09481   0.01384   0.01868
       2/9     2.65G    0.1083   0.01423   0.01667    0.1392         2       576         0         0  0.003248 0.0004831   0.08203   0.01154   0.01014
       3/9     2.65G    0.1016   0.01539   0.01115    0.1282         1       576         1  0.002786    0.0337  0.005769   0.07698   0.01324  0.006209
       4/9     2.65G   0.08724   0.01531  0.008389    0.1109         1       576   0.05497    0.1448   0.03308  0.005843   0.06554   0.01703  0.003293
       5/9     2.65G   0.07927   0.01828  0.006555    0.1041         2       576   0.09063    0.4401    0.1027   0.02116   0.06067   0.01635  0.002085
       6/9     2.65G   0.07307   0.01744   0.00534   0.09585         1       576    0.1466    0.4066    0.2026   0.04721   0.05946   0.01461  0.001719
       7/9     2.65G   0.07169   0.01851  0.004316   0.09452        22       576    0.1845    0.4039    0.2647   0.07955   0.05343   0.01546  0.001512
       8/9     2.65G   0.06962   0.01689     0.004   0.09051         1       576    0.2147    0.4652    0.2587   0.08369   0.05234   0.01531  0.001379
       9/9     2.65G   0.06468   0.01778  0.003311   0.08577         2       576    0.2219     0.454    0.2587    0.0816   0.05331   0.01516  0.001283
