       0/9     6.76G   0.09424   0.01112         0    0.1054         1      1024         0         0 0.0002887 5.468e-05   0.07531  0.009113         0
       1/9     6.76G   0.07501  0.009766         0   0.08478         2      1024         0         0  0.005835  0.001608   0.06253  0.009934         0
       2/9     6.76G   0.06682   0.01045         0   0.07727         2      1024         0         0   0.00954  0.002371   0.06052   0.00985         0
       3/9     6.77G   0.06287   0.01053         0    0.0734         3      1024         0         0  0.008816  0.002403   0.05637   0.01025         0
       4/9     6.77G   0.06172   0.01042         0   0.07213         5      1024         0         0    0.0132   0.00382   0.05517   0.01002         0
       5/9     6.77G   0.05994   0.01038         0   0.07032         4      1024         0         0   0.01476  0.004904   0.05489  0.009933         0
       6/9     6.77G   0.05749   0.01039         0   0.06788         7      1024         0         0   0.01438  0.004281   0.05464   0.01006         0
       7/9     6.77G   0.05658   0.01062         0    0.0672         6      1024         0         0   0.01715   0.00576   0.05171   0.01003         0
       8/9     6.77G   0.05511    0.0105         0    0.0656         5      1024         0         0   0.01754  0.005393   0.05327  0.009943         0
       9/9     6.77G   0.05359   0.01063         0   0.06422         5      1024         0         0   0.01914  0.006417     0.051   0.01006         0
