0 0.9864130434782609 0.05478260869565218 0.01992753623188406 0.05391304347826087
0 0.9601449275362319 0.07304347826086957 0.028985507246376812 0.05565217391304348
0 0.9655797101449275 0.62 0.04710144927536232 0.7426086956521739
0 0.9565217391304348 0.8591304347826088 0.057971014492753624 0.2782608695652174
0 0.855072463768116 0.2356521739130435 0.028985507246376812 0.06434782608695652
0 0.8586956521739131 0.3026086956521739 0.043478260869565216 0.034782608695652174
0 0.8478260869565217 0.3695652173913044 0.05434782608695652 0.08869565217391305
0 0.8478260869565217 0.5147826086956522 0.03985507246376812 0.18434782608695652
0 0.8469202898550725 0.7417391304347827 0.04891304347826087 0.25217391304347825
0 0.842391304347826 0.9365217391304348 0.04710144927536232 0.11652173913043479
