0 0.8442028985507246 0.09652173913043478 0.043478260869565216 0.16521739130434784
0 0.8460144927536232 0.24521739130434783 0.03260869565217391 0.059130434782608696
0 0.9601449275362319 0.06173913043478261 0.06159420289855073 0.08521739130434783
0 0.9393115942028986 0.2956521739130435 0.02717391304347826 0.034782608695652174
0 0.9782608695652174 0.28782608695652173 0.018115942028985508 0.029565217391304348
0 0.9420289855072463 0.34347826086956523 0.03260869565217391 0.04
0 0.9764492753623188 0.33304347826086955 0.025362318840579712 0.036521739130434785
0 0.9411231884057971 0.12347826086956522 0.030797101449275364 0.03130434782608696
0 0.9519927536231885 0.22 0.041666666666666664 0.029565217391304348
0 0.9664855072463768 0.9347826086956522 0.01992753623188406 0.04
