0 0.8541666666666666 0.12521739130434784 0.03804347826086957 0.23652173913043478
0 0.8460144927536232 0.36695652173913046 0.036231884057971016 0.17391304347826086
0 0.842391304347826 0.5834782608695652 0.028985507246376812 0.1617391304347826
0 0.8442028985507246 0.7269565217391305 0.043478260869565216 0.04173913043478261
0 0.9565217391304348 0.2852173913043478 0.057971014492753624 0.5634782608695652
0 0.9447463768115942 0.6982608695652174 0.04891304347826087 0.022608695652173914
0 0.9320652173913043 0.7721739130434783 0.02355072463768116 0.02782608695652174
0 0.9746376811594203 0.7704347826086957 0.018115942028985508 0.02434782608695652
0 0.9356884057971014 0.8243478260869566 0.02355072463768116 0.03826086956521739
0 0.9692028985507246 0.822608695652174 0.021739130434782608 0.034782608695652174
