0 0.9855072463768116 0.0791304347826087 0.028985507246376812 0.050434782608695654
0 0.9592391304347826 0.09304347826086957 0.016304347826086956 0.029565217391304348
0 0.9682971014492754 0.35391304347826086 0.04528985507246377 0.1791304347826087
0 0.9646739130434783 0.5321739130434783 0.05615942028985507 0.1773913043478261
0 0.9601449275362319 0.7286956521739131 0.07246376811594203 0.20521739130434782
0 0.9538043478260869 0.9156521739130435 0.07065217391304347 0.1547826086956522
0 0.8541666666666666 0.2556521739130435 0.02355072463768116 0.059130434782608696
0 0.8469202898550725 0.3304347826086957 0.030797101449275364 0.03826086956521739
0 0.855072463768116 0.42782608695652175 0.05434782608695652 0.1426086956521739
0 0.842391304347826 0.702608695652174 0.025362318840579712 0.3930434782608696
0 0.8333333333333334 0.9504347826086957 0.036231884057971016 0.0991304347826087
0 0.8668478260869565 0.7000000000000001 0.012681159420289856 0.391304347826087
0 0.8577898550724637 0.9478260869565218 0.01992753623188406 0.07652173913043478
