0 0.8478260869565217 0.044347826086956525 0.03985507246376812 0.0817391304347826
0 0.8478260869565217 0.14608695652173914 0.03985507246376812 0.04869565217391304
0 0.9456521739130435 0.019130434782608695 0.03260869565217391 0.02782608695652174
0 0.9538043478260869 0.12000000000000001 0.041666666666666664 0.034782608695652174
0 0.9393115942028986 0.1965217391304348 0.02355072463768116 0.03130434782608696
0 0.9764492753623188 0.18173913043478263 0.03260869565217391 0.026086956521739132
0 0.9411231884057971 0.2426086956521739 0.030797101449275364 0.029565217391304348
0 0.9728260869565217 0.22782608695652173 0.025362318840579712 0.04173913043478261
0 0.9710144927536232 0.8217391304347826 0.021739130434782608 0.04695652173913044
0 0.9646739130434783 0.9495652173913044 0.030797101449275364 0.06608695652173913
0 0.8315217391304348 0.9808695652173913 0.021739130434782608 0.03826086956521739
