0 0.855072463768116 0.09217391304347826 0.021739130434782608 0.16
0 0.845108695652174 0.30347826086956525 0.03804347826086957 0.1791304347826087
0 0.8405797101449275 0.4565217391304348 0.03985507246376812 0.05391304347826087
0 0.9592391304347826 0.15565217391304348 0.041666666666666664 0.30782608695652175
0 0.9501811594202899 0.16521739130434784 0.05615942028985507 0.2782608695652174
0 0.9492753623188406 0.4373913043478261 0.036231884057971016 0.022608695652173914
0 0.9402173913043478 0.5026086956521739 0.028985507246376812 0.02782608695652174
0 0.9365942028985508 0.5478260869565218 0.018115942028985508 0.04521739130434783
0 0.9719202898550725 0.4991304347826087 0.01992753623188406 0.02782608695652174
0 0.9682971014492754 0.5443478260869565 0.034420289855072464 0.03826086956521739
