0 0.8496376811594203 0.26869565217391306 0.04710144927536232 0.5234782608695653
0 0.842391304347826 0.7034782608695652 0.03985507246376812 0.24869565217391304
0 0.9619565217391305 0.07217391304347827 0.06159420289855073 0.14434782608695654
0 0.9619565217391305 0.22869565217391305 0.06159420289855073 0.17217391304347826
0 0.9528985507246377 0.3808695652173913 0.05434782608695652 0.12173913043478261
0 0.9538043478260869 0.5382608695652175 0.059782608695652176 0.1791304347826087
0 0.947463768115942 0.7608695652173914 0.05434782608695652 0.04695652173913044
0 0.9375 0.8434782608695652 0.02717391304347826 0.04173913043478261
0 0.9302536231884058 0.8947826086956522 0.034420289855072464 0.03304347826086956
0 0.9764492753623188 0.8408695652173913 0.028985507246376812 0.036521739130434785
0 0.9728260869565217 0.893913043478261 0.03260869565217391 0.034782608695652174
0 0.9347826086956522 0.66 0.03260869565217391 0.029565217391304348
