0 0.8505434782608696 0.11739130434782609 0.04891304347826087 0.23130434782608697
0 0.8414855072463768 0.32956521739130434 0.03804347826086957 0.1756521739130435
0 0.8632246376811594 0.32869565217391306 0.01992753623188406 0.18434782608695652
0 0.8405797101449275 0.5721739130434783 0.021739130434782608 0.11478260869565218
0 0.8369565217391305 0.7747826086956522 0.036231884057971016 0.15130434782608695
0 0.8369565217391305 0.9243478260869565 0.036231884057971016 0.043478260869565216
0 0.967391304347826 0.1408695652173913 0.05434782608695652 0.2643478260869565
0 0.9556159420289855 0.3565217391304348 0.059782608695652176 0.1565217391304348
0 0.957427536231884 0.5973913043478261 0.05615942028985507 0.31826086956521743
0 0.9447463768115942 0.8878260869565218 0.03804347826086957 0.029565217391304348
0 0.9420289855072463 0.7782608695652175 0.03985507246376812 0.019130434782608695
0 0.9329710144927537 0.962608695652174 0.036231884057971016 0.026086956521739132
0 0.9737318840579711 0.9695652173913044 0.01992753623188406 0.036521739130434785
