0 0.8460144927536232 0.014782608695652174 0.03985507246376812 0.019130434782608695
0 0.8487318840579711 0.09130434782608696 0.041666666666666664 0.05739130434782609
0 0.9510869565217391 0.06521739130434782 0.03985507246376812 0.03304347826086956
0 0.9393115942028986 0.1356521739130435 0.02355072463768116 0.03130434782608696
0 0.9746376811594203 0.12521739130434784 0.028985507246376812 0.03130434782608696
0 0.9393115942028986 0.19043478260869565 0.02717391304347826 0.04695652173913044
0 0.9737318840579711 0.17130434782608697 0.02355072463768116 0.03304347826086956
0 0.8288043478260869 0.9243478260869565 0.02355072463768116 0.04
0 0.9692028985507246 0.7652173913043478 0.021739130434782608 0.04869565217391304
0 0.9646739130434783 0.8886956521739131 0.02717391304347826 0.04869565217391304
0 0.9692028985507246 0.9826086956521739 0.021739130434782608 0.020869565217391306
