0 0.8487318840579711 0.16086956521739132 0.03804347826086957 0.30086956521739133
0 0.8460144927536232 0.44956521739130434 0.036231884057971016 0.14434782608695654
0 0.8405797101449275 0.6565217391304348 0.03985507246376812 0.1582608695652174
0 0.838768115942029 0.8130434782608696 0.03985507246376812 0.036521739130434785
0 0.9592391304347826 0.26608695652173914 0.05615942028985507 0.3930434782608696
0 0.9528985507246377 0.5008695652173913 0.050724637681159424 0.06956521739130435
0 0.9528985507246377 0.6095652173913044 0.05434782608695652 0.0782608695652174
0 0.9411231884057971 0.7765217391304348 0.03804347826086957 0.036521739130434785
0 0.9329710144927537 0.8521739130434783 0.03260869565217391 0.03130434782608696
0 0.9746376811594203 0.8573913043478261 0.018115942028985508 0.02434782608695652
0 0.9384057971014493 0.9034782608695653 0.03260869565217391 0.05391304347826087
0 0.9710144927536232 0.9060869565217392 0.010869565217391304 0.04173913043478261
