0 0.8432971014492754 0.23217391304347826 0.034420289855072464 0.4469565217391305
0 0.838768115942029 0.6008695652173913 0.03260869565217391 0.1547826086956522
0 0.8414855072463768 0.7417391304347827 0.03804347826086957 0.03304347826086956
0 0.9583333333333334 0.22347826086956524 0.04710144927536232 0.42608695652173917
0 0.9519927536231885 0.5234782608695653 0.05615942028985507 0.11478260869565218
0 0.9420289855072463 0.7139130434782609 0.050724637681159424 0.036521739130434785
0 0.9393115942028986 0.7895652173913044 0.02355072463768116 0.020869565217391306
0 0.9728260869565217 0.7869565217391304 0.03260869565217391 0.022608695652173914
0 0.9347826086956522 0.8347826086956522 0.03985507246376812 0.02782608695652174
0 0.9664855072463768 0.8373913043478262 0.02355072463768116 0.026086956521739132
