0 0.8478260869565217 0.10260869565217391 0.05434782608695652 0.19478260869565217
0 0.8460144927536232 0.32869565217391306 0.03260869565217391 0.14608695652173914
0 0.845108695652174 0.5417391304347826 0.041666666666666664 0.1582608695652174
0 0.845108695652174 0.6817391304347826 0.03804347826086957 0.04869565217391304
0 0.9592391304347826 0.19478260869565217 0.059782608695652176 0.3791304347826087
0 0.9565217391304348 0.45913043478260873 0.06159420289855073 0.1391304347826087
0 0.9429347826086957 0.6452173913043479 0.041666666666666664 0.02782608695652174
0 0.9384057971014493 0.7252173913043478 0.021739130434782608 0.02782608695652174
0 0.970108695652174 0.7252173913043478 0.01992753623188406 0.034782608695652174
0 0.9393115942028986 0.771304347826087 0.02717391304347826 0.029565217391304348
0 0.9773550724637682 0.7721739130434783 0.01992753623188406 0.03826086956521739
