0 0.8478260869565217 0.18347826086956523 0.050724637681159424 0.36347826086956525
0 0.8396739130434783 0.5 0.03804347826086957 0.15130434782608695
0 0.8351449275362319 0.6434782608695653 0.036231884057971016 0.04173913043478261
0 0.957427536231884 0.1565217391304348 0.05615942028985507 0.3130434782608696
0 0.9565217391304348 0.39565217391304347 0.050724637681159424 0.1582608695652174
0 0.9465579710144928 0.611304347826087 0.034420289855072464 0.019130434782608695
0 0.9347826086956522 0.688695652173913 0.021739130434782608 0.03130434782608696
0 0.9728260869565217 0.6895652173913044 0.025362318840579712 0.036521739130434785
0 0.9356884057971014 0.7347826086956522 0.02717391304347826 0.04
0 0.970108695652174 0.7391304347826088 0.02717391304347826 0.04173913043478261
