0 0.8414855072463768 0.19391304347826088 0.041666666666666664 0.3808695652173913
0 0.8405797101449275 0.5217391304347826 0.04710144927536232 0.17391304347826086
0 0.8396739130434783 0.662608695652174 0.04528985507246377 0.04869565217391304
0 0.957427536231884 0.22608695652173913 0.05253623188405797 0.45217391304347826
0 0.9538043478260869 0.48434782608695653 0.059782608695652176 0.05739130434782609
0 0.947463768115942 0.6321739130434783 0.050724637681159424 0.029565217391304348
0 0.9347826086956522 0.7052173913043479 0.021739130434782608 0.043478260869565216
0 0.9737318840579711 0.7095652173913044 0.02717391304347826 0.02434782608695652
0 0.9356884057971014 0.7565217391304349 0.02717391304347826 0.03130434782608696
0 0.9692028985507246 0.7617391304347826 0.025362318840579712 0.034782608695652174
