0 0.9692028985507246 0.2791304347826087 0.05434782608695652 0.31826086956521743
0 0.963768115942029 0.5773913043478262 0.050724637681159424 0.2852173913043478
0 0.9547101449275363 0.8591304347826088 0.05434782608695652 0.271304347826087
0 0.8559782608695652 0.10260869565217391 0.02717391304347826 0.04869565217391304
0 0.8514492753623188 0.17130434782608697 0.025362318840579712 0.04
0 0.8532608695652174 0.24434782608695654 0.03985507246376812 0.07478260869565218
0 0.855072463768116 0.3234782608695652 0.043478260869565216 0.07652173913043478
0 0.8514492753623188 0.5539130434782609 0.036231884057971016 0.3808695652173913
0 0.8405797101449275 0.7991304347826087 0.03985507246376812 0.10608695652173913
0 0.8396739130434783 0.9052173913043479 0.01992753623188406 0.026086956521739132
0 0.838768115942029 0.9591304347826087 0.03985507246376812 0.07130434782608695
