0 0.8460144927536232 0.051304347826086956 0.043478260869565216 0.07130434782608695
0 0.8505434782608696 0.20434782608695654 0.02355072463768116 0.18608695652173915
0 0.838768115942029 0.4226086956521739 0.03985507246376812 0.16695652173913045
0 0.8414855072463768 0.571304347826087 0.041666666666666664 0.036521739130434785
0 0.9538043478260869 0.21217391304347827 0.06702898550724638 0.41043478260869565
0 0.9420289855072463 0.542608695652174 0.03985507246376812 0.034782608695652174
0 0.9347826086956522 0.6130434782608696 0.018115942028985508 0.04
0 0.9737318840579711 0.6121739130434782 0.016304347826086956 0.02782608695652174
0 0.9356884057971014 0.6652173913043479 0.02717391304347826 0.036521739130434785
0 0.9728260869565217 0.6617391304347826 0.025362318840579712 0.04
