0 0.8487318840579711 0.05391304347826087 0.030797101449275364 0.09739130434782609
0 0.8432971014492754 0.22347826086956524 0.034420289855072464 0.1826086956521739
0 0.842391304347826 0.44086956521739135 0.03985507246376812 0.1617391304347826
0 0.8414855072463768 0.5878260869565217 0.030797101449275364 0.04173913043478261
0 0.9519927536231885 0.1582608695652174 0.059782608695652176 0.2991304347826087
0 0.9547101449275363 0.37130434782608696 0.05434782608695652 0.09217391304347826
0 0.9483695652173914 0.5556521739130434 0.04891304347826087 0.03304347826086956
0 0.9356884057971014 0.6347826086956522 0.012681159420289856 0.034782608695652174
0 0.9682971014492754 0.6286956521739131 0.030797101449275364 0.036521739130434785
0 0.9411231884057971 0.6782608695652174 0.02717391304347826 0.020869565217391306
0 0.970108695652174 0.682608695652174 0.01992753623188406 0.029565217391304348
