0 0.8605072463768116 0.15043478260869567 0.04710144927536232 0.19304347826086957
0 0.9692028985507246 0.21217391304347827 0.05434782608695652 0.25043478260869567
0 0.970108695652174 0.4852173913043478 0.05253623188405797 0.2817391304347826
0 0.9610507246376812 0.5026086956521739 0.05253623188405797 0.24695652173913044
0 0.9601449275362319 0.7304347826086957 0.050724637681159424 0.20173913043478262
0 0.9492753623188406 0.9165217391304348 0.06159420289855073 0.1565217391304348
0 0.9547101449275363 0.9365217391304348 0.07246376811594203 0.04695652173913044
0 0.9592391304347826 0.7034782608695652 0.06702898550724638 0.04695652173913044
0 0.8541666666666666 0.31130434782608696 0.041666666666666664 0.09043478260869565
0 0.8460144927536232 0.37478260869565216 0.03985507246376812 0.029565217391304348
0 0.8469202898550725 0.4156521739130435 0.04891304347826087 0.04173913043478261
0 0.845108695652174 0.4739130434782609 0.04528985507246377 0.06434782608695652
0 0.845108695652174 0.551304347826087 0.041666666666666664 0.08
0 0.8432971014492754 0.6373913043478261 0.02355072463768116 0.0782608695652174
0 0.8405797101449275 0.7060869565217391 0.05434782608695652 0.034782608695652174
0 0.845108695652174 0.7452173913043478 0.02355072463768116 0.03304347826086956
0 0.8432971014492754 0.8 0.059782608695652176 0.06608695652173913
0 0.8378623188405797 0.9556521739130435 0.034420289855072464 0.08521739130434783
