0 0.8496376811594203 0.1782608695652174 0.036231884057971016 0.1617391304347826
0 0.8460144927536232 0.32869565217391306 0.03260869565217391 0.059130434782608696
0 0.9628623188405797 0.09565217391304348 0.05253623188405797 0.1808695652173913
0 0.9492753623188406 0.20521739130434782 0.036231884057971016 0.034782608695652174
0 0.9447463768115942 0.30086956521739133 0.041666666666666664 0.02782608695652174
0 0.9447463768115942 0.3721739130434783 0.02355072463768116 0.034782608695652174
0 0.8514492753623188 0.026086956521739132 0.03985507246376812 0.04869565217391304
0 0.9420289855072463 0.4191304347826087 0.028985507246376812 0.03130434782608696
0 0.9719202898550725 0.36608695652173917 0.01992753623188406 0.036521739130434785
0 0.970108695652174 0.41304347826086957 0.034420289855072464 0.029565217391304348
