0 0.9583333333333334 0.0791304347826087 0.06884057971014493 0.15130434782608695
0 0.9456521739130435 0.18608695652173915 0.03260869565217391 0.04173913043478261
0 0.9519927536231885 0.2991304347826087 0.034420289855072464 0.03130434782608696
0 0.9356884057971014 0.36782608695652175 0.02717391304347826 0.026086956521739132
0 0.9447463768115942 0.4147826086956522 0.02717391304347826 0.05391304347826087
0 0.9746376811594203 0.36086956521739133 0.021739130434782608 0.036521739130434785
0 0.9719202898550725 0.40347826086956523 0.02355072463768116 0.03826086956521739
0 0.8487318840579711 0.02347826086956522 0.034420289855072464 0.04
0 0.8469202898550725 0.17043478260869566 0.04528985507246377 0.17043478260869566
0 0.842391304347826 0.3226086956521739 0.04710144927536232 0.06086956521739131
