0 0.8523550724637681 0.2756521739130435 0.03804347826086957 0.5478260869565218
0 0.8378623188405797 0.6860869565217391 0.03804347826086957 0.1582608695652174
0 0.8378623188405797 0.8373913043478262 0.034420289855072464 0.043478260869565216
0 0.9592391304347826 0.2704347826086957 0.05253623188405797 0.35304347826086957
0 0.9547101449275363 0.020869565217391306 0.018115942028985508 0.034782608695652174
0 0.9818840579710145 0.025217391304347827 0.018115942028985508 0.036521739130434785
0 0.9583333333333334 0.5608695652173913 0.050724637681159424 0.2173913043478261
0 0.9456521739130435 0.8017391304347826 0.03985507246376812 0.01391304347826087
0 0.9384057971014493 0.8791304347826088 0.018115942028985508 0.022608695652173914
0 0.9311594202898551 0.9217391304347826 0.036231884057971016 0.034782608695652174
0 0.9719202898550725 0.8782608695652174 0.012681159420289856 0.02434782608695652
0 0.9737318840579711 0.9234782608695653 0.01992753623188406 0.052173913043478265
0 0.9393115942028986 0.6930434782608695 0.041666666666666664 0.022608695652173914
