0 0.8442028985507246 0.034782608695652174 0.043478260869565216 0.06608695652173913
0 0.8496376811594203 0.17478260869565218 0.021739130434782608 0.16869565217391305
0 0.8396739130434783 0.40347826086956523 0.03804347826086957 0.14608695652173914
0 0.845108695652174 0.5478260869565218 0.034420289855072464 0.052173913043478265
0 0.9393115942028986 0.5165217391304348 0.041666666666666664 0.020869565217391306
0 0.9356884057971014 0.5930434782608696 0.03804347826086957 0.010434782608695653
0 0.9746376811594203 0.5886956521739131 0.025362318840579712 0.022608695652173914
0 0.9420289855072463 0.6382608695652174 0.03985507246376812 0.03130434782608696
0 0.9719202898550725 0.6339130434782609 0.02355072463768116 0.043478260869565216
0 0.9510869565217391 0.1991304347826087 0.057971014492753624 0.3808695652173913
