0 0.8514492753623188 0.2808695652173913 0.043478260869565216 0.5547826086956522
0 0.8442028985507246 0.6608695652173914 0.036231884057971016 0.11826086956521739
0 0.8351449275362319 0.7408695652173913 0.018115942028985508 0.03130434782608696
0 0.8405797101449275 0.8295652173913044 0.036231884057971016 0.05565217391304348
0 0.967391304347826 0.02434782608695652 0.057971014492753624 0.04173913043478261
0 0.9664855072463768 0.16956521739130434 0.05615942028985507 0.16521739130434784
0 0.9565217391304348 0.30434782608695654 0.06521739130434782 0.08347826086956522
0 0.9556159420289855 0.5034782608695653 0.05253623188405797 0.2973913043478261
0 0.9338768115942029 0.8643478260869566 0.016304347826086956 0.02434782608695652
0 0.967391304347826 0.8695652173913044 0.025362318840579712 0.020869565217391306
0 0.9347826086956522 0.922608695652174 0.028985507246376812 0.029565217391304348
0 0.9692028985507246 0.9182608695652175 0.018115942028985508 0.04869565217391304
