0 0.8487318840579711 0.16434782608695653 0.041666666666666664 0.32173913043478264
0 0.845108695652174 0.4721739130434783 0.030797101449275364 0.1408695652173913
0 0.8369565217391305 0.6721739130434783 0.043478260869565216 0.15130434782608695
0 0.8405797101449275 0.8200000000000001 0.043478260869565216 0.04695652173913044
0 0.9610507246376812 0.20347826086956522 0.06340579710144928 0.2539130434782609
0 0.9565217391304348 0.411304347826087 0.043478260869565216 0.14434782608695654
0 0.9583333333333334 0.5026086956521739 0.05434782608695652 0.02782608695652174
0 0.9483695652173914 0.5982608695652174 0.06340579710144928 0.034782608695652174
0 0.9501811594202899 0.6556521739130435 0.05253623188405797 0.02782608695652174
0 0.9492753623188406 0.7895652173913044 0.05434782608695652 0.034782608695652174
0 0.9347826086956522 0.8643478260869566 0.028985507246376812 0.03130434782608696
0 0.9692028985507246 0.8695652173913044 0.025362318840579712 0.02782608695652174
0 0.9365942028985508 0.9113043478260869 0.03985507246376812 0.03826086956521739
0 0.9692028985507246 0.9191304347826087 0.025362318840579712 0.04
0 0.9692028985507246 0.02347826086956522 0.04710144927536232 0.043478260869565216
