0 0.8514492753623188 0.05565217391304348 0.04710144927536232 0.09043478260869565
0 0.845108695652174 0.1565217391304348 0.02355072463768116 0.052173913043478265
0 0.8487318840579711 0.24695652173913044 0.034420289855072464 0.12869565217391304
0 0.8432971014492754 0.44782608695652176 0.02717391304347826 0.15130434782608695
0 0.8396739130434783 0.5869565217391305 0.030797101449275364 0.043478260869565216
0 0.9556159420289855 0.21304347826086958 0.06702898550724638 0.4121739130434783
0 0.9456521739130435 0.5608695652173913 0.043478260869565216 0.029565217391304348
0 0.9365942028985508 0.6347826086956522 0.028985507246376812 0.02434782608695652
0 0.9710144927536232 0.6339130434782609 0.028985507246376812 0.022608695652173914
0 0.9384057971014493 0.6756521739130436 0.036231884057971016 0.036521739130434785
0 0.9682971014492754 0.68 0.012681159420289856 0.02434782608695652
