0 0.8586956521739131 0.12260869565217392 0.04710144927536232 0.24173913043478262
0 0.8523550724637681 0.34695652173913044 0.04891304347826087 0.21043478260869566
0 0.8460144927536232 0.5226086956521739 0.021739130434782608 0.05391304347826087
0 0.842391304347826 0.6060869565217392 0.03260869565217391 0.12695652173913044
0 0.8414855072463768 0.8052173913043479 0.041666666666666664 0.1565217391304348
0 0.8378623188405797 0.9565217391304348 0.04528985507246377 0.052173913043478265
0 0.9610507246376812 0.22956521739130437 0.059782608695652176 0.45913043478260873
0 0.9547101449275363 0.5060869565217392 0.05434782608695652 0.09739130434782609
0 0.9592391304347826 0.5765217391304348 0.059782608695652176 0.043478260869565216
0 0.9547101449275363 0.6930434782608695 0.050724637681159424 0.1791304347826087
0 0.9347826086956522 0.8156521739130435 0.036231884057971016 0.02782608695652174
0 0.9429347826086957 0.9130434782608696 0.04528985507246377 0.034782608695652174
0 0.9375 0.9886956521739131 0.02355072463768116 0.019130434782608695
0 0.9782608695652174 0.9878260869565217 0.007246376811594203 0.01391304347826087
0 0.9501811594202899 0.9617391304347827 0.0018115942028985507 0.0
