0 0.8432971014492754 0.11478260869565218 0.030797101449275364 0.21565217391304348
0 0.8442028985507246 0.36608695652173917 0.036231884057971016 0.17217391304347826
0 0.8686594202898551 0.11652173913043479 0.01992753623188406 0.21217391304347827
0 0.842391304347826 0.5756521739130435 0.043478260869565216 0.12173913043478261
0 0.8360507246376812 0.6591304347826087 0.03804347826086957 0.034782608695652174
0 0.8414855072463768 0.7365217391304348 0.04528985507246377 0.050434782608695654
0 0.9547101449275363 0.22 0.06521739130434782 0.4295652173913044
0 0.9556159420289855 0.5043478260869565 0.04891304347826087 0.12173913043478261
0 0.9420289855072463 0.7043478260869566 0.04710144927536232 0.03130434782608696
0 0.9356884057971014 0.7791304347826087 0.02717391304347826 0.03130434782608696
0 0.9728260869565217 0.78 0.018115942028985508 0.04695652173913044
0 0.9338768115942029 0.8321739130434783 0.034420289855072464 0.026086956521739132
0 0.9692028985507246 0.8295652173913044 0.028985507246376812 0.04521739130434783
0 0.9384057971014493 0.6017391304347827 0.028985507246376812 0.03826086956521739
