0 0.8514492753623188 0.022608695652173914 0.057971014492753624 0.03826086956521739
0 0.8523550724637681 0.10260869565217391 0.06340579710144928 0.06260869565217392
0 0.9492753623188406 0.0808695652173913 0.036231884057971016 0.036521739130434785
0 0.9755434782608696 0.1391304347826087 0.02355072463768116 0.03130434782608696
0 0.9420289855072463 0.1582608695652174 0.028985507246376812 0.03130434782608696
0 0.9384057971014493 0.2008695652173913 0.03260869565217391 0.029565217391304348
0 0.9755434782608696 0.18347826086956523 0.02355072463768116 0.03304347826086956
0 0.9365942028985508 0.6234782608695653 0.021739130434782608 0.026086956521739132
0 0.9692028985507246 0.7852173913043479 0.025362318840579712 0.036521739130434785
0 0.963768115942029 0.9034782608695653 0.036231884057971016 0.07130434782608695
0 0.8242753623188406 0.9400000000000001 0.025362318840579712 0.043478260869565216
