0 0.8514492753623188 0.2573913043478261 0.043478260869565216 0.511304347826087
0 0.8478260869565217 0.56 0.028985507246376812 0.03826086956521739
0 0.8432971014492754 0.6504347826086957 0.034420289855072464 0.12869565217391304
0 0.8405797101449275 0.8460869565217392 0.036231884057971016 0.1547826086956522
0 0.8369565217391305 0.9869565217391305 0.03985507246376812 0.029565217391304348
0 0.9655797101449275 0.06608695652173913 0.06521739130434782 0.11130434782608696
0 0.967391304347826 0.22347826086956524 0.050724637681159424 0.22086956521739132
0 0.9583333333333334 0.42000000000000004 0.050724637681159424 0.16869565217391305
0 0.9528985507246377 0.6086956521739131 0.057971014492753624 0.20869565217391306
0 0.9556159420289855 0.7721739130434783 0.05253623188405797 0.09391304347826088
0 0.9429347826086957 0.9582608695652174 0.059782608695652176 0.03130434782608696
0 0.9302536231884058 0.8495652173913044 0.03804347826086957 0.029565217391304348
