0 0.845108695652174 0.2556521739130435 0.034420289855072464 0.4973913043478261
0 0.8396739130434783 0.6478260869565218 0.041666666666666664 0.1547826086956522
0 0.8351449275362319 0.7947826086956522 0.050724637681159424 0.034782608695652174
0 0.9601449275362319 0.13391304347826088 0.057971014492753624 0.14956521739130435
0 0.9583333333333334 0.3930434782608696 0.05434782608695652 0.3617391304347826
0 0.9556159420289855 0.6060869565217392 0.05253623188405797 0.04
0 0.9438405797101449 0.7573913043478261 0.03985507246376812 0.026086956521739132
0 0.9356884057971014 0.8339130434782609 0.030797101449275364 0.022608695652173914
0 0.9719202898550725 0.8347826086956522 0.02355072463768116 0.02434782608695652
0 0.9365942028985508 0.8843478260869565 0.028985507246376812 0.029565217391304348
0 0.970108695652174 0.8869565217391304 0.009057971014492754 0.034782608695652174
