0 0.8469202898550725 0.10521739130434783 0.04891304347826087 0.1826086956521739
0 0.8487318840579711 0.24434782608695654 0.034420289855072464 0.01565217391304348
0 0.8460144927536232 0.3443478260869565 0.03985507246376812 0.14608695652173914
0 0.8432971014492754 0.5504347826086957 0.04528985507246377 0.1582608695652174
0 0.8405797101449275 0.6947826086956522 0.03260869565217391 0.06086956521739131
0 0.9547101449275363 0.1808695652173913 0.057971014492753624 0.34782608695652173
0 0.9556159420289855 0.26782608695652177 0.06340579710144928 0.5252173913043479
0 0.9465579710144928 0.6643478260869565 0.05615942028985507 0.03130434782608696
0 0.9320652173913043 0.7356521739130435 0.02355072463768116 0.034782608695652174
0 0.9737318840579711 0.7321739130434783 0.016304347826086956 0.020869565217391306
0 0.9338768115942029 0.7782608695652175 0.034420289855072464 0.03304347826086956
0 0.9710144927536232 0.7817391304347826 0.021739130434782608 0.03304347826086956
