0 0.8505434782608696 0.03217391304347826 0.04528985507246377 0.043478260869565216
0 0.8523550724637681 0.10260869565217391 0.03804347826086957 0.07304347826086957
0 0.8487318840579711 0.19304347826086957 0.03804347826086957 0.10434782608695653
0 0.8487318840579711 0.38173913043478264 0.05253623188405797 0.16521739130434784
0 0.8442028985507246 0.5313043478260869 0.036231884057971016 0.050434782608695654
0 0.9528985507246377 0.1982608695652174 0.06159420289855073 0.3930434782608696
0 0.9510869565217391 0.4965217391304348 0.04710144927536232 0.04695652173913044
0 0.9356884057971014 0.5652173913043479 0.01992753623188406 0.03826086956521739
0 0.9764492753623188 0.5652173913043479 0.018115942028985508 0.02434782608695652
0 0.9384057971014493 0.6217391304347827 0.028985507246376812 0.036521739130434785
0 0.9682971014492754 0.6147826086956522 0.034420289855072464 0.043478260869565216
