       0/9     6.76G   0.09546   0.01125         0    0.1067         1      1024         0         0 0.0002149   3.2e-05    0.0809  0.009395         0
       1/9     6.76G    0.0884  0.008962         0   0.09736         2      1024         0         0 0.0002096 3.172e-05   0.07881  0.009316         0
       2/9     6.77G   0.08449  0.009423         0   0.09391         2      1024         0         0  0.001178 0.0002164    0.0744  0.009677         0
       3/9     6.77G   0.08081  0.009722         0   0.09053         3      1024         0         0  0.001594 0.0002865   0.07127  0.009751         0
       4/9     6.77G   0.07817  0.009806         0   0.08797         5      1024         0         0  0.001868 0.0004095   0.07277   0.00946         0
       5/9     6.77G   0.07649  0.009827         0   0.08631         4      1024         0         0  0.002513 0.0005644   0.06559   0.01007         0
       6/9     6.77G   0.07477  0.009848         0   0.08462         7      1024         0         0  0.002433  0.000515   0.06466   0.01016         0
       7/9     6.77G   0.07364   0.01016         0    0.0838         6      1024         0         0  0.002947 0.0006698   0.06404   0.01015         0
       8/9     6.77G   0.07226   0.01013         0   0.08239         5      1024         0         0  0.002865 0.0006769   0.06272   0.01031         0
       9/9     6.77G   0.07155   0.01027         0   0.08182         5      1024         0         0  0.003283 0.0007533   0.06304   0.01022         0
