      0/99     2.61G    0.1311   0.02197   0.04365    0.1967         5       576         0         0 0.0009469 0.0002169    0.1071   0.01497   0.03097
      1/99     2.65G    0.1264   0.01511   0.02617    0.1677         1       576         0         0  0.002096 0.0003136    0.1023   0.01244   0.02282
      2/99     2.65G    0.1063   0.01436   0.01633     0.137         2       576         0         0  0.002086 0.0002982   0.08377   0.01508  0.006976
      3/99     2.65G   0.09887   0.01588   0.00992    0.1247         1       576         0         0   0.01047  0.001674   0.07803   0.01328  0.004153
      4/99     2.65G   0.08641   0.01501  0.006797    0.1082         1       576   0.06905    0.2173   0.04495  0.008344     0.067   0.01458  0.002316
      5/99     2.65G   0.07988   0.01789  0.005353    0.1031         2       576   0.05946    0.5153   0.04731  0.008534   0.06124   0.01472  0.001679
      6/99     2.65G   0.07466   0.01666  0.004138   0.09546         1       576    0.3148    0.2674    0.1786   0.04449   0.05959   0.01315   0.00142
      7/99     2.65G   0.07402   0.01746  0.003156   0.09464        22       576    0.1649    0.5181    0.1882    0.0431   0.05091   0.01533  0.001736
      8/99     2.65G   0.07109   0.01571  0.003101   0.08991         1       576    0.1324    0.5487    0.1691   0.03857   0.05866   0.01338  0.001572
      9/99     2.65G   0.06523    0.0161  0.002368    0.0837         2       576    0.1182    0.6462    0.2473   0.06709   0.05438   0.01413   0.00149
     10/99     2.65G    0.0719   0.01442  0.002643   0.08897         1       576    0.3373    0.3872    0.3032    0.1054   0.05175   0.01461  0.002247
     11/99     2.65G   0.06921   0.01565  0.003267   0.08813         3       576    0.1286    0.6128    0.2654   0.05044   0.05543   0.01347  0.001572
     12/99     2.65G   0.06973   0.01541   0.00231   0.08746         0       576    0.1307    0.6017    0.2579   0.06137    0.0524   0.01365  0.001236
     13/99     2.65G   0.06387   0.01335  0.002097   0.07932         2       576    0.2875    0.4708    0.3611   0.08013   0.05334   0.01372    0.0015
     14/99     2.65G    0.0683   0.01462  0.002396   0.08532         1       576    0.1855    0.5766    0.3709    0.1087   0.04966    0.0138  0.001748
     15/99     2.65G   0.06496   0.01431  0.002635    0.0819         2       576    0.1557     0.624    0.2244   0.04088   0.05522   0.01343  0.001505
     16/99     2.65G   0.06916   0.01482  0.002676   0.08666         2       576    0.1845    0.5432    0.3482   0.09188   0.04863   0.01385  0.001661
     17/99     2.65G    0.0668   0.01472  0.004344   0.08586         1       576    0.1342    0.5487    0.1745   0.03069   0.05406   0.01357  0.001357
     18/99     2.65G   0.06775   0.01426  0.002511   0.08452         2       576    0.2474    0.4401    0.3436     0.103   0.05514   0.01411  0.001531
     19/99     2.65G   0.06616   0.01624  0.003691   0.08609         1       576     0.245    0.5933    0.3955    0.1043   0.05019   0.01344  0.001768
     20/99     2.65G   0.06324   0.01485  0.003109   0.08119         4       576    0.2149    0.6323    0.3925    0.1044   0.04284   0.01439  0.001715
     21/99     2.65G   0.06056   0.01331  0.002427    0.0763         1       576     0.246    0.6379     0.344   0.09281   0.04498   0.01418  0.001643
     22/99     2.65G   0.06277   0.01353  0.002373   0.07867         1       576    0.1531    0.5989    0.2715   0.09421   0.05269   0.01327  0.001592
     23/99     2.65G   0.05788    0.0149  0.002526    0.0753         3       576    0.2738     0.571    0.4144    0.1306   0.04481   0.01572  0.001726
     24/99     2.65G   0.06063    0.0158  0.002924   0.07935         2       576    0.1732    0.7131    0.4303    0.1755   0.04364   0.01473  0.001397
     25/99     2.65G      0.06    0.0151  0.002406   0.07751         6       576     0.274    0.5543    0.4124    0.1539   0.04332   0.01416  0.001543
     26/99     2.65G   0.06022   0.01509  0.001967   0.07728         8       576    0.1684    0.6045    0.3718    0.1322    0.0452   0.01351  0.001413
     27/99     2.65G   0.05931   0.01443   0.00199   0.07572         2       576    0.2096    0.6685     0.379    0.1297    0.0434   0.01382  0.001416
     28/99     2.65G    0.0554   0.01472  0.002106   0.07223         8       576    0.1977     0.663    0.4567     0.149   0.03974   0.01432  0.001427
     29/99     2.65G   0.05254   0.01402  0.002173   0.06873         1       576    0.2152    0.6845    0.4029    0.1258   0.04545   0.01404  0.001305
     30/99     2.65G   0.05438   0.01515   0.00229   0.07182         2       576    0.2409    0.6156    0.4697    0.1756   0.04039   0.01409  0.001408
     31/99     2.65G   0.05622   0.01481  0.002162   0.07319         2       576    0.2459    0.5989    0.4223    0.1577   0.03883   0.01461  0.001389
     32/99     2.65G   0.05486   0.01471  0.001852   0.07142         1       576    0.2351    0.5209    0.3535   0.08547   0.04462   0.01352  0.001137
     33/99     2.65G   0.05334   0.01394  0.001726   0.06901         1       576    0.1894    0.7187    0.4288     0.159   0.04028   0.01372 0.0009951
     34/99     2.65G    0.0527   0.01461  0.001685     0.069         1       576    0.3194    0.5877    0.4481    0.1582   0.04058   0.01382   0.00104
     35/99     2.65G   0.05177   0.01449  0.001623   0.06789        17       576    0.2195    0.7465    0.5015     0.197   0.03873   0.01375  0.001081
     36/99     2.65G   0.05222   0.01568  0.002008   0.06991         1       576    0.2889    0.6212    0.4768    0.1864   0.03732    0.0139  0.001047
     37/99     2.65G    0.0507   0.01544   0.00153   0.06767        14       576     0.223    0.6825    0.4229    0.1447   0.03928   0.01384 0.0009326
     38/99     2.65G     0.052   0.01441  0.001641   0.06805         1       576    0.2147    0.7159    0.4695    0.1729    0.0379   0.01368 0.0008998
     39/99     2.65G   0.05507   0.01455  0.001691   0.07132         1       576    0.3151    0.6295    0.4615    0.1418   0.04111   0.01312  0.000897
     40/99     2.65G   0.04677   0.01287  0.001236   0.06088         1       576    0.2313    0.7382    0.4657     0.139      0.04   0.01333 0.0007991
     41/99     2.65G   0.05349   0.01408  0.001426   0.06899         2       576    0.2793    0.7326    0.5202    0.1922   0.03746   0.01345 0.0007591
     42/99     2.65G   0.04888    0.0129  0.001362   0.06314         1       576    0.2589    0.7577    0.5311     0.211   0.03664   0.01347 0.0007446
     43/99     2.65G   0.05073   0.01438  0.001317   0.06643         9       576    0.2395    0.7326    0.5143    0.1647   0.04112    0.0134 0.0007263
     44/99     2.65G   0.05127     0.014  0.001533   0.06681         6       576    0.2793    0.6992    0.5083    0.2017   0.03736   0.01362 0.0007761
     45/99     2.65G   0.05065   0.01604  0.001358   0.06805         9       576    0.2305    0.7465    0.5395    0.2192   0.03525   0.01418 0.0007607
     46/99     2.65G   0.04646   0.01458  0.001306   0.06234         1       576    0.2745    0.7075    0.5358    0.2217   0.03565   0.01351 0.0007332
     47/99     2.65G   0.04628   0.01337  0.001118   0.06077         1       576    0.2633    0.7326    0.5422    0.2313   0.03417   0.01382 0.0007142
     48/99     2.65G    0.0474   0.01404  0.001031   0.06247         0       576     0.256    0.7504    0.5086    0.2056   0.03692   0.01351 0.0007212
     49/99     2.65G   0.04625   0.01477  0.001383    0.0624         3       576    0.2851    0.7019    0.5123    0.2167    0.0357   0.01324 0.0007253
     50/99     2.65G    0.0454   0.01428  0.001384   0.06106         2       576    0.2542    0.7047    0.5239    0.2227   0.03602   0.01316 0.0007101
     51/99     2.65G   0.04663   0.01417  0.001069   0.06187         9       576    0.2337     0.688    0.5034    0.2057   0.03494   0.01339 0.0006617
     52/99     2.65G   0.04793   0.01341 0.0009712   0.06232         6       576    0.2891    0.7103    0.5469     0.224   0.03499   0.01344 0.0006318
     53/99     2.65G   0.04433   0.01454 0.0008341   0.05971         2       576    0.3067    0.6964     0.523    0.2069   0.03612   0.01339 0.0006275
     54/99     2.65G   0.04642   0.01349 0.0008304   0.06074         1       576    0.2702    0.7354    0.5301     0.215   0.03491   0.01359 0.0006051
     55/99     2.65G   0.04537   0.01471  0.001155   0.06124         1       576    0.2792    0.7326    0.5509    0.2196   0.03548   0.01359 0.0005915
     56/99     2.65G   0.04747   0.01542  0.001075   0.06396         9       576    0.2872    0.7187    0.5468     0.228   0.03492   0.01329 0.0005777
     57/99     2.65G   0.04346   0.01303  0.000893   0.05738         4       576    0.2952    0.7214    0.5635     0.244   0.03412   0.01317 0.0005525
     58/99     2.65G   0.04838   0.01426  0.001024   0.06366         1       576    0.2928    0.6852    0.5376    0.2175   0.03407   0.01314 0.0005066
     59/99     2.65G   0.04554   0.01422 0.0009787   0.06073        15       576    0.2944    0.7131    0.5598    0.2433   0.03388   0.01307 0.0004855
     60/99     2.65G    0.0465   0.01347  0.000801   0.06077         3       576    0.2613    0.7103    0.5523    0.2459   0.03414   0.01302 0.0004788
     61/99     2.65G   0.04548   0.01421 0.0008698   0.06055         2       576    0.2541    0.7214    0.5414    0.2445   0.03411   0.01286 0.0004568
     62/99     2.65G   0.04536   0.01392 0.0007309   0.06001         1       576    0.2718    0.6797     0.526    0.2404   0.03269   0.01306 0.0004764
     63/99     2.65G   0.04135   0.01354 0.0008611   0.05575         6       576    0.2556    0.6825    0.5013    0.2139   0.03341   0.01312 0.0004717
     64/99     2.65G   0.04154   0.01277 0.0008367   0.05515         0       576    0.2314    0.7214    0.4923    0.2197   0.03354   0.01324 0.0004574
     65/99     2.65G   0.04331    0.0137 0.0005948    0.0576         4       576     0.239    0.7242    0.5407    0.2479   0.03342   0.01322 0.0004516
     66/99     2.65G   0.04536   0.01435 0.0007877    0.0605        25       576    0.2457    0.7549    0.5593    0.2461   0.03404   0.01312 0.0004447
     67/99     2.65G   0.04315   0.01248 0.0005775   0.05621         2       576    0.2242     0.727    0.5249    0.2383    0.0336   0.01313 0.0004476
     68/99     2.65G   0.04283    0.0131 0.0007576   0.05669         1       576    0.2094    0.7103    0.5183    0.2321   0.03221   0.01333 0.0004283
     69/99     2.65G   0.04106   0.01371 0.0006651   0.05543         1       576    0.2275    0.7326    0.5191    0.2306   0.03218   0.01339 0.0003921
     70/99     2.65G   0.03986   0.01281  0.000554   0.05322         1       576     0.225    0.7067    0.5139    0.2294   0.03278    0.0133 0.0003775
     71/99     2.65G   0.04264   0.01312 0.0006936   0.05645         3       576    0.2332    0.6769    0.5152    0.2343   0.03257   0.01317 0.0003702
     72/99     2.65G    0.0444   0.01398  0.000579   0.05895        25       576    0.2361    0.7326     0.547    0.2477   0.03293   0.01303 0.0003625
     73/99     2.65G   0.04301   0.01358 0.0006761   0.05726         4       576    0.2479    0.7047    0.5445    0.2355   0.03376   0.01291 0.0003601
     74/99     2.65G   0.04351   0.01412 0.0005836   0.05822         4       576    0.2614    0.7019    0.5505    0.2484   0.03219   0.01299 0.0003361
     75/99     2.65G   0.04222   0.01371 0.0007584   0.05669         1       576    0.2724    0.7047    0.5525    0.2519    0.0331   0.01293 0.0003355
     76/99     2.65G   0.04291   0.01454 0.0008334   0.05828         1       576    0.2393    0.7131     0.547    0.2551   0.03251     0.013 0.0003159
     77/99     2.65G    0.0416   0.01387 0.0005223   0.05599         3       576    0.2393    0.7242    0.5423    0.2508   0.03298   0.01307 0.0003081
     78/99     2.65G   0.04144   0.01296 0.0008005    0.0552         5       576    0.2367    0.7103    0.5333    0.2477   0.03286   0.01312 0.0002988
     79/99     2.65G   0.04252   0.01276 0.0004664   0.05575         2       576    0.2356    0.7131    0.5266    0.2438   0.03252   0.01312  0.000291
     80/99     2.65G   0.03951   0.01301 0.0006995   0.05322         2       576    0.2432    0.6936    0.5211    0.2373   0.03223   0.01306 0.0002898
     81/99     2.65G   0.03967   0.01354 0.0006316   0.05384         4       576     0.255    0.6852     0.531     0.241   0.03235     0.013 0.0002871
     82/99     2.65G   0.04013   0.01312 0.0006699   0.05392         9       576     0.247    0.7159    0.5528    0.2432   0.03169   0.01307 0.0002926
     83/99     2.65G   0.04109   0.01488 0.0006427   0.05661         9       576    0.2406    0.7187    0.5519    0.2508   0.03263   0.01295 0.0002959
     84/99     2.65G   0.03916   0.01269 0.0007221   0.05256         2       576     0.243     0.727    0.5604    0.2479   0.03174   0.01298 0.0003031
     85/99     2.65G   0.04083   0.01344 0.0009464   0.05521         4       576    0.2853    0.6992    0.5566    0.2518   0.03285   0.01283 0.0003024
     86/99     2.65G   0.04162    0.0133 0.0006813    0.0556         3       576    0.3151    0.7019    0.5497    0.2475   0.03166   0.01294 0.0003046
     87/99     2.65G   0.03916   0.01352 0.0005448   0.05322         2       576    0.2779    0.7019    0.5463    0.2489   0.03235   0.01288 0.0002977
     88/99     2.65G   0.03875   0.01346 0.0005117   0.05271         0       576    0.2495    0.7019    0.5333    0.2375   0.03166   0.01288 0.0002907
     89/99     2.65G   0.04229   0.01283  0.000589   0.05572         5       576    0.2489    0.7099    0.5421    0.2481   0.03178   0.01283 0.0002858
     90/99     2.65G   0.03928   0.01289 0.0004397   0.05261         1       576    0.2485    0.6992    0.5353    0.2365   0.03184   0.01283 0.0002776
     91/99     2.65G   0.04125   0.01458 0.0008845   0.05671         1       576      0.25    0.6964    0.5333    0.2408   0.03175   0.01286 0.0002698
     92/99     2.65G   0.04019   0.01386 0.0005854   0.05464         2       576     0.265    0.6992    0.5356    0.2506   0.03176   0.01286 0.0002684
     93/99     2.65G   0.03972   0.01272 0.0003718   0.05281         1       576    0.2852    0.6891    0.5388    0.2544   0.03143    0.0129  0.000267
     94/99     2.65G   0.03876   0.01369  0.000607   0.05305         2       576    0.2793    0.6964    0.5472    0.2499   0.03162   0.01289 0.0002581
     95/99     2.65G   0.04035   0.01363 0.0006818   0.05467         1       576    0.2694    0.7131      0.55    0.2545   0.03207   0.01285 0.0002497
     96/99     2.65G   0.04014   0.01336 0.0004161   0.05391         3       576    0.2667    0.6908    0.5431     0.251    0.0322   0.01279  0.000243
     97/99     2.65G   0.03972    0.0126 0.0007051   0.05303         2       576    0.2647    0.6992    0.5454    0.2506     0.032   0.01282 0.0002412
     98/99     2.65G   0.04155   0.01373 0.0005558   0.05583         2       576    0.2759    0.6797    0.5433    0.2525    0.0316   0.01282 0.0002415
     99/99     2.65G   0.04025   0.01377 0.0006176   0.05464         3       576    0.2728    0.7075    0.5532    0.2535   0.03156   0.01283 0.0002389
